# transform file /project/data/bids/derivatives/sourcedata/freesurfer/sub-p009/mri/transforms/cc_up.lta
# created by robertdh on Sun Aug 13 11:34:24 2023

type      = 0 # LINEAR_VOX_TO_VOX
nxforms   = 1
mean      = 128.0000 133.0000 139.0000
sigma     = 10000.0000
1 4 4
9.988405108451843e-01 4.203033447265625e-02 -2.348023839294910e-02 -6.944128274917603e-01 
-4.201872646808624e-02 9.991164207458496e-01 9.877550182864070e-04 1.631036949157715e+01 
2.350100688636303e-02 0.000000000000000e+00 9.997239708900452e-01 1.505735397338867e+01 
0.000000000000000e+00 0.000000000000000e+00 0.000000000000000e+00 1.000000000000000e+00 
src volume info
valid = 1  # volume info valid
filename = /project/data/bids/derivatives/sourcedata/freesurfer/sub-p009/mri/norm.mgz
volume = 256 256 256
voxelsize = 1.000000000000000e+00 1.000000000000000e+00 1.000000000000000e+00
xras   = -1.000000000000000e+00 -1.396983861923218e-09 0.000000000000000e+00
yras   = 9.313225746154785e-10 0.000000000000000e+00 -1.000000000000000e+00
zras   = 3.259629011154175e-09 1.000000000000000e+00 0.000000000000000e+00
cras   = -2.408149719238281e+00 5.859130859375000e+00 -8.553436279296875e+00
dst volume info
valid = 1  # volume info valid
filename = /project/data/bids/derivatives/sourcedata/freesurfer/sub-p009/mri/norm.mgz
volume = 256 256 256
voxelsize = 1.000000000000000e+00 1.000000000000000e+00 1.000000000000000e+00
xras   = -1.000000000000000e+00 -1.396983861923218e-09 0.000000000000000e+00
yras   = 9.313225746154785e-10 0.000000000000000e+00 -1.000000000000000e+00
zras   = 3.259629011154175e-09 1.000000000000000e+00 0.000000000000000e+00
cras   = -2.408149719238281e+00 5.859130859375000e+00 -8.553436279296875e+00
