type      = 1 # LINEAR_RAS_TO_RAS
nxforms   = 1
mean      = 0.0000 0.0000 0.0000
sigma     = 1.0000
1 4 4
1.065729975700378e+00 2.267800085246563e-02 1.255299989134073e-02 2.128463983535767e+00 
-3.032499924302101e-02 8.919500112533569e-01 5.249490141868591e-01 -1.688702774047852e+01 
8.073999546468258e-03 -4.612250030040741e-01 9.861940145492554e-01 2.094303894042969e+01 
0.000000000000000e+00 0.000000000000000e+00 0.000000000000000e+00 1.000000000000000e+00 
src volume info
valid = 1  # volume info valid
filename = /project/data/bids/derivatives/sourcedata/freesurfer/sub-p009/mri/orig_nu.mgz
volume = 256 256 256
voxelsize = 1.000000000000000e+00 1.000000000000000e+00 1.000000000000000e+00
xras   = -1.000000000000000e+00 -1.396983861923218e-09 0.000000000000000e+00
yras   = 9.313225746154785e-10 0.000000000000000e+00 -1.000000000000000e+00
zras   = 3.259629011154175e-09 1.000000000000000e+00 0.000000000000000e+00
cras   = -2.408149719238281e+00 5.859130859375000e+00 -8.553436279296875e+00
dst volume info
valid = 1  # volume info valid
filename = /opt/freesurfer/average/mni305.cor.mgz
volume = 256 256 256
voxelsize = 1.000000000000000e+00 1.000000000000000e+00 1.000000000000000e+00
xras   = -1.000000000000000e+00 0.000000000000000e+00 0.000000000000000e+00
yras   = 0.000000000000000e+00 0.000000000000000e+00 -1.000000000000000e+00
zras   = 0.000000000000000e+00 1.000000000000000e+00 0.000000000000000e+00
cras   = 0.000000000000000e+00 0.000000000000000e+00 0.000000000000000e+00
subject fsaverage
fscale 0.100000
