# transform file transforms/talairach.lta
# created by robertdh on Sun Aug 13 09:37:43 2023

type      = 0 # LINEAR_VOX_TO_VOX
nxforms   = 1
mean      = 128.0000 133.0000 139.0000
sigma     = 10000.0000
1 4 4
1.015593409538269e+00 1.312678772956133e-02 -3.319397568702698e-03 -4.425436973571777e+00 
-8.299252018332481e-03 1.097918987274170e+00 4.780015647411346e-01 -8.015845489501953e+01 
8.377512916922569e-03 -5.094123482704163e-01 8.915584087371826e-01 6.354336547851562e+01 
0.000000000000000e+00 0.000000000000000e+00 0.000000000000000e+00 1.000000000000000e+00 
src volume info
valid = 1  # volume info valid
filename = nu.mgz
volume = 256 256 256
voxelsize = 1.000000000000000e+00 1.000000000000000e+00 1.000000000000000e+00
xras   = -1.000000000000000e+00 -1.396983861923218e-09 0.000000000000000e+00
yras   = 9.313225746154785e-10 0.000000000000000e+00 -1.000000000000000e+00
zras   = 3.259629011154175e-09 1.000000000000000e+00 0.000000000000000e+00
cras   = -2.408149719238281e+00 5.859130859375000e+00 -8.553436279296875e+00
dst volume info
valid = 1  # volume info valid
filename = /opt/freesurfer/average/RB_all_2020-01-02.gca
volume = 256 256 256
voxelsize = 1.000000000000000e+00 1.000000000000000e+00 1.000000000000000e+00
xras   = -1.000000000000000e+00 0.000000000000000e+00 0.000000000000000e+00
yras   = 0.000000000000000e+00 0.000000000000000e+00 -1.000000000000000e+00
zras   = 0.000000000000000e+00 1.000000000000000e+00 0.000000000000000e+00
cras   = 0.000000000000000e+00 0.000000000000000e+00 0.000000000000000e+00
