# transform file /project/data/bids/derivatives/sourcedata/freesurfer/sub-p004/mri/transforms/cc_up.lta
# created by robertdh on Sun Aug 13 01:14:10 2023

type      = 0 # LINEAR_VOX_TO_VOX
nxforms   = 1
mean      = 130.0000 136.0000 131.0000
sigma     = 10000.0000
1 4 4
9.967543482780457e-01 -3.998994454741478e-02 6.986740231513977e-02 -3.561849832534790e+00 
3.989206254482269e-02 9.992000460624695e-01 2.796230372041464e-03 6.641774654388428e+00 
-6.992333382368088e-02 0.000000000000000e+00 9.975523352622986e-01 1.726018714904785e+01 
0.000000000000000e+00 0.000000000000000e+00 0.000000000000000e+00 1.000000000000000e+00 
src volume info
valid = 1  # volume info valid
filename = /project/data/bids/derivatives/sourcedata/freesurfer/sub-p004/mri/norm.mgz
volume = 256 256 256
voxelsize = 1.000000000000000e+00 1.000000000000000e+00 1.000000000000000e+00
xras   = -1.000000000000000e+00 5.122274160385132e-09 2.793967723846436e-09
yras   = 9.313225746154785e-10 -2.980232238769531e-08 -1.000000000000000e+00
zras   = -3.725290298461914e-09 1.000000000000000e+00 2.980232238769531e-08
cras   = -1.869392395019531e+00 -9.226989746093750e-01 -7.290237426757812e+00
dst volume info
valid = 1  # volume info valid
filename = /project/data/bids/derivatives/sourcedata/freesurfer/sub-p004/mri/norm.mgz
volume = 256 256 256
voxelsize = 1.000000000000000e+00 1.000000000000000e+00 1.000000000000000e+00
xras   = -1.000000000000000e+00 5.122274160385132e-09 2.793967723846436e-09
yras   = 9.313225746154785e-10 -2.980232238769531e-08 -1.000000000000000e+00
zras   = -3.725290298461914e-09 1.000000000000000e+00 2.980232238769531e-08
cras   = -1.869392395019531e+00 -9.226989746093750e-01 -7.290237426757812e+00
