type      = 0 # LINEAR_VOX_TO_VOX
nxforms   = 1
mean      = 0.0000 0.0000 0.0000
sigma     = 1.0000
1 4 4
1.017979979515076e+00 -5.217200517654419e-02 6.902400404214859e-02 -5.138763427734375e+00 
6.919996230863035e-04 1.048833012580872e+00 5.004769563674927e-01 -8.078091430664062e+01 
-2.106199227273464e-02 -5.241590142250061e-01 9.503139853477478e-01 5.920575714111328e+01 
0.000000000000000e+00 0.000000000000000e+00 0.000000000000000e+00 1.000000000000000e+00 
src volume info
valid = 1  # volume info valid
filename = /project/data/bids/derivatives/sourcedata/freesurfer/sub-p004/mri/orig.mgz
volume = 256 256 256
voxelsize = 1.000000000000000e+00 1.000000000000000e+00 1.000000000000000e+00
xras   = -1.000000000000000e+00 5.122274160385132e-09 2.793967723846436e-09
yras   = 9.313225746154785e-10 -2.980232238769531e-08 -1.000000000000000e+00
zras   = -3.725290298461914e-09 1.000000000000000e+00 2.980232238769531e-08
cras   = -1.869392395019531e+00 -9.226989746093750e-01 -7.290237426757812e+00
dst volume info
valid = 1  # volume info valid
filename = /opt/freesurfer/average/mni305.cor.mgz
volume = 256 256 256
voxelsize = 1.000000000000000e+00 1.000000000000000e+00 1.000000000000000e+00
xras   = -1.000000000000000e+00 0.000000000000000e+00 0.000000000000000e+00
yras   = 0.000000000000000e+00 0.000000000000000e+00 -1.000000000000000e+00
zras   = 0.000000000000000e+00 1.000000000000000e+00 0.000000000000000e+00
cras   = 0.000000000000000e+00 0.000000000000000e+00 0.000000000000000e+00
subject fsaverage
fscale 0.100000
