# transform file transforms/talairach.lta
# created by robertdh on Sat Aug 12 23:57:48 2023

type      = 0 # LINEAR_VOX_TO_VOX
nxforms   = 1
mean      = 130.0000 138.0000 129.0000
sigma     = 10000.0000
1 4 4
1.015717506408691e+00 -1.444031763821840e-02 9.227836877107620e-02 -1.437615203857422e+01 
-2.205574885010719e-02 1.098932743072510e+00 4.620422720909119e-01 -7.977731323242188e+01 
-6.399109959602356e-02 -4.000522792339325e-01 9.882652759552002e-01 4.335373687744141e+01 
0.000000000000000e+00 0.000000000000000e+00 0.000000000000000e+00 1.000000000000000e+00 
src volume info
valid = 1  # volume info valid
filename = nu.mgz
volume = 256 256 256
voxelsize = 1.000000000000000e+00 1.000000000000000e+00 1.000000000000000e+00
xras   = -1.000000000000000e+00 5.122274160385132e-09 2.793967723846436e-09
yras   = 9.313225746154785e-10 -2.980232238769531e-08 -1.000000000000000e+00
zras   = -3.725290298461914e-09 1.000000000000000e+00 2.980232238769531e-08
cras   = -1.869392395019531e+00 -9.226989746093750e-01 -7.290237426757812e+00
dst volume info
valid = 1  # volume info valid
filename = /opt/freesurfer/average/RB_all_2020-01-02.gca
volume = 256 256 256
voxelsize = 1.000000000000000e+00 1.000000000000000e+00 1.000000000000000e+00
xras   = -1.000000000000000e+00 0.000000000000000e+00 0.000000000000000e+00
yras   = 0.000000000000000e+00 0.000000000000000e+00 -1.000000000000000e+00
zras   = 0.000000000000000e+00 1.000000000000000e+00 0.000000000000000e+00
cras   = 0.000000000000000e+00 0.000000000000000e+00 0.000000000000000e+00
