type      = 1 # LINEAR_RAS_TO_RAS
nxforms   = 1
mean      = 0.0000 0.0000 0.0000
sigma     = 1.0000
1 4 4
1.017979979515076e+00 -6.902399659156799e-02 -5.217200145125389e-02 2.139235973358154e+00 
2.106199972331524e-02 9.503139853477478e-01 5.241590142250061e-01 -1.220486545562744e+01 
6.919999723322690e-04 -5.004770159721375e-01 1.048833012580872e+00 1.756640625000000e+01 
0.000000000000000e+00 0.000000000000000e+00 0.000000000000000e+00 1.000000000000000e+00 
src volume info
valid = 1  # volume info valid
filename = /project/data/bids/derivatives/sourcedata/freesurfer/sub-p004/mri/orig_nu.mgz
volume = 256 256 256
voxelsize = 1.000000000000000e+00 1.000000000000000e+00 1.000000000000000e+00
xras   = -1.000000000000000e+00 5.122274160385132e-09 2.793967723846436e-09
yras   = 9.313225746154785e-10 -2.980232238769531e-08 -1.000000000000000e+00
zras   = -3.725290298461914e-09 1.000000000000000e+00 2.980232238769531e-08
cras   = -1.869392395019531e+00 -9.226989746093750e-01 -7.290237426757812e+00
dst volume info
valid = 1  # volume info valid
filename = /opt/freesurfer/average/mni305.cor.mgz
volume = 256 256 256
voxelsize = 1.000000000000000e+00 1.000000000000000e+00 1.000000000000000e+00
xras   = -1.000000000000000e+00 0.000000000000000e+00 0.000000000000000e+00
yras   = 0.000000000000000e+00 0.000000000000000e+00 -1.000000000000000e+00
zras   = 0.000000000000000e+00 1.000000000000000e+00 0.000000000000000e+00
cras   = 0.000000000000000e+00 0.000000000000000e+00 0.000000000000000e+00
subject fsaverage
fscale 0.100000
