# transform file /project/data/bids/derivatives/sourcedata/freesurfer/sub-p003/mri/transforms/cc_up.lta
# created by robertdh on Fri Aug 11 08:06:31 2023

type      = 0 # LINEAR_VOX_TO_VOX
nxforms   = 1
mean      = 128.0000 137.0000 126.0000
sigma     = 10000.0000
1 4 4
9.991925954818726e-01 -9.752392652444541e-04 4.016695916652679e-02 -5.327960491180420e+00 
9.744522976689041e-04 9.999995827674866e-01 3.917241338058375e-05 1.486991977691650e+01 
-4.016697779297829e-02 0.000000000000000e+00 9.991930723190308e-01 1.126559352874756e+01 
0.000000000000000e+00 0.000000000000000e+00 0.000000000000000e+00 1.000000000000000e+00 
src volume info
valid = 1  # volume info valid
filename = /project/data/bids/derivatives/sourcedata/freesurfer/sub-p003/mri/norm.mgz
volume = 256 256 256
voxelsize = 1.000000000000000e+00 1.000000000000000e+00 1.000000000000000e+00
xras   = -9.999998211860657e-01 -2.066371962428093e-09 9.313225746154785e-10
yras   = -9.313225746154785e-10 0.000000000000000e+00 -9.999998807907104e-01
zras   = -1.746229827404022e-09 9.999998807907104e-01 0.000000000000000e+00
cras   = 1.118957519531250e+00 1.573955535888672e+01 2.383439636230469e+01
dst volume info
valid = 1  # volume info valid
filename = /project/data/bids/derivatives/sourcedata/freesurfer/sub-p003/mri/norm.mgz
volume = 256 256 256
voxelsize = 1.000000000000000e+00 1.000000000000000e+00 1.000000000000000e+00
xras   = -9.999998211860657e-01 -2.066371962428093e-09 9.313225746154785e-10
yras   = -9.313225746154785e-10 0.000000000000000e+00 -9.999998807907104e-01
zras   = -1.746229827404022e-09 9.999998807907104e-01 0.000000000000000e+00
cras   = 1.118957519531250e+00 1.573955535888672e+01 2.383439636230469e+01
