# transform file transforms/talairach.lta
# created by robertdh on Fri Aug 11 06:17:52 2023

type      = 0 # LINEAR_VOX_TO_VOX
nxforms   = 1
mean      = 128.0000 137.0000 126.0000
sigma     = 10000.0000
1 4 4
1.048702955245972e+00 3.996343910694122e-02 3.322322294116020e-02 -1.758935165405273e+01 
-3.566986694931984e-02 1.227615594863892e+00 9.737867116928101e-02 -4.657586288452148e+01 
-3.375194221735001e-02 -9.691437333822250e-02 1.011551976203918e+00 -2.530094146728516e+00 
0.000000000000000e+00 0.000000000000000e+00 0.000000000000000e+00 1.000000000000000e+00 
src volume info
valid = 1  # volume info valid
filename = nu.mgz
volume = 256 256 256
voxelsize = 1.000000000000000e+00 1.000000000000000e+00 1.000000000000000e+00
xras   = -9.999998211860657e-01 -2.066371962428093e-09 9.313225746154785e-10
yras   = -9.313225746154785e-10 0.000000000000000e+00 -9.999998807907104e-01
zras   = -1.746229827404022e-09 9.999998807907104e-01 0.000000000000000e+00
cras   = 1.118957519531250e+00 1.573955535888672e+01 2.383439636230469e+01
dst volume info
valid = 1  # volume info valid
filename = /opt/freesurfer/average/RB_all_2020-01-02.gca
volume = 256 256 256
voxelsize = 1.000000000000000e+00 1.000000000000000e+00 1.000000000000000e+00
xras   = -1.000000000000000e+00 0.000000000000000e+00 0.000000000000000e+00
yras   = 0.000000000000000e+00 0.000000000000000e+00 -1.000000000000000e+00
zras   = 0.000000000000000e+00 1.000000000000000e+00 0.000000000000000e+00
cras   = 0.000000000000000e+00 0.000000000000000e+00 0.000000000000000e+00
