type      = 0 # LINEAR_VOX_TO_VOX
nxforms   = 1
mean      = 0.0000 0.0000 0.0000
sigma     = 1.0000
1 4 4
1.130419731140137e+00 1.429699920117855e-02 4.213200137019157e-02 -2.471794128417969e+01 
-3.961499407887459e-02 1.261697888374329e+00 2.713569700717926e-01 -7.118643188476562e+01 
-4.020699486136436e-02 -2.785959839820862e-01 1.108045935630798e+00 1.105062103271484e+01 
0.000000000000000e+00 0.000000000000000e+00 0.000000000000000e+00 1.000000000000000e+00 
src volume info
valid = 1  # volume info valid
filename = /project/data/bids/derivatives/sourcedata/freesurfer/sub-p003/mri/orig.mgz
volume = 256 256 256
voxelsize = 1.000000000000000e+00 1.000000000000000e+00 1.000000000000000e+00
xras   = -9.999998211860657e-01 -2.066371962428093e-09 9.313225746154785e-10
yras   = -9.313225746154785e-10 0.000000000000000e+00 -9.999998807907104e-01
zras   = -1.746229827404022e-09 9.999998807907104e-01 0.000000000000000e+00
cras   = 1.118957519531250e+00 1.573955535888672e+01 2.383439636230469e+01
dst volume info
valid = 1  # volume info valid
filename = /opt/freesurfer/average/mni305.cor.mgz
volume = 256 256 256
voxelsize = 1.000000000000000e+00 1.000000000000000e+00 1.000000000000000e+00
xras   = -1.000000000000000e+00 0.000000000000000e+00 0.000000000000000e+00
yras   = 0.000000000000000e+00 0.000000000000000e+00 -1.000000000000000e+00
zras   = 0.000000000000000e+00 1.000000000000000e+00 0.000000000000000e+00
cras   = 0.000000000000000e+00 0.000000000000000e+00 0.000000000000000e+00
subject fsaverage
fscale 0.100000
