type      = 1 # LINEAR_RAS_TO_RAS
nxforms   = 1
mean      = 0.0000 0.0000 0.0000
sigma     = 1.0000
1 4 4
1.130419969558716e+00 -4.213200137019157e-02 1.429700013250113e-02 -1.412049978971481e-01 
4.020699858665466e-02 1.108046054840088e+00 2.785960137844086e-01 -4.005158996582031e+01 
-3.961500152945518e-02 -2.713569998741150e-01 1.261698007583618e+00 -1.773031616210938e+01 
0.000000000000000e+00 0.000000000000000e+00 0.000000000000000e+00 1.000000000000000e+00 
src volume info
valid = 1  # volume info valid
filename = /project/data/bids/derivatives/sourcedata/freesurfer/sub-p003/mri/orig_nu.mgz
volume = 256 256 256
voxelsize = 1.000000000000000e+00 1.000000000000000e+00 1.000000000000000e+00
xras   = -9.999998211860657e-01 -2.066371962428093e-09 9.313225746154785e-10
yras   = -9.313225746154785e-10 0.000000000000000e+00 -9.999998807907104e-01
zras   = -1.746229827404022e-09 9.999998807907104e-01 0.000000000000000e+00
cras   = 1.118957519531250e+00 1.573955535888672e+01 2.383439636230469e+01
dst volume info
valid = 1  # volume info valid
filename = /opt/freesurfer/average/mni305.cor.mgz
volume = 256 256 256
voxelsize = 1.000000000000000e+00 1.000000000000000e+00 1.000000000000000e+00
xras   = -1.000000000000000e+00 0.000000000000000e+00 0.000000000000000e+00
yras   = 0.000000000000000e+00 0.000000000000000e+00 -1.000000000000000e+00
zras   = 0.000000000000000e+00 1.000000000000000e+00 0.000000000000000e+00
cras   = 0.000000000000000e+00 0.000000000000000e+00 0.000000000000000e+00
subject fsaverage
fscale 0.100000
