../../../../.git/annex/objects/MM/09/MD5E-s763325--c547b9e0240288cc32eca4b521e7e50c.tsv/MD5E-s763325--c547b9e0240288cc32eca4b521e7e50c.tsv