# transform file /project/data/bids/derivatives/sourcedata/freesurfer/sub-s013/mri/transforms/cc_up.lta
# created by robertdh on Mon Aug 14 06:36:20 2023

type      = 0 # LINEAR_VOX_TO_VOX
nxforms   = 1
mean      = 128.0000 139.0000 128.0000
sigma     = 10000.0000
1 4 4
9.997260570526123e-01 -9.697966277599335e-03 -2.130229212343693e-02 3.435209751129150e+00 
9.695764631032944e-03 9.999530315399170e-01 -2.065986045636237e-04 5.786226272583008e+00 
2.130329422652721e-02 0.000000000000000e+00 9.997730851173401e-01 9.294302940368652e+00 
0.000000000000000e+00 0.000000000000000e+00 0.000000000000000e+00 1.000000000000000e+00 
src volume info
valid = 1  # volume info valid
filename = /project/data/bids/derivatives/sourcedata/freesurfer/sub-s013/mri/norm.mgz
volume = 256 256 256
voxelsize = 1.000000000000000e+00 1.000000000000000e+00 1.000000000000000e+00
xras   = -9.999998807907104e-01 1.396983861923218e-09 -1.862645149230957e-09
yras   = 0.000000000000000e+00 1.490116119384766e-08 -1.000000000000000e+00
zras   = -1.164153218269348e-09 9.999998807907104e-01 -7.450580596923828e-09
cras   = 2.892898559570312e+00 -2.450483703613281e+01 2.523117065429688e+00
dst volume info
valid = 1  # volume info valid
filename = /project/data/bids/derivatives/sourcedata/freesurfer/sub-s013/mri/norm.mgz
volume = 256 256 256
voxelsize = 1.000000000000000e+00 1.000000000000000e+00 1.000000000000000e+00
xras   = -9.999998807907104e-01 1.396983861923218e-09 -1.862645149230957e-09
yras   = 0.000000000000000e+00 1.490116119384766e-08 -1.000000000000000e+00
zras   = -1.164153218269348e-09 9.999998807907104e-01 -7.450580596923828e-09
cras   = 2.892898559570312e+00 -2.450483703613281e+01 2.523117065429688e+00
