type      = 0 # LINEAR_VOX_TO_VOX
nxforms   = 1
mean      = 0.0000 0.0000 0.0000
sigma     = 1.0000
1 4 4
1.028481841087341e+00 -8.740000426769257e-03 -9.031997993588448e-03 -2.252853393554688e+00 
-5.965996533632278e-03 1.084614992141724e+00 2.385999858379364e-01 -5.298574829101562e+01 
2.595399878919125e-02 -2.759659886360168e-01 9.869428873062134e-01 1.658569335937500e+01 
0.000000000000000e+00 0.000000000000000e+00 0.000000000000000e+00 1.000000000000000e+00 
src volume info
valid = 1  # volume info valid
filename = /project/data/bids/derivatives/sourcedata/freesurfer/sub-s013/mri/orig.mgz
volume = 256 256 256
voxelsize = 1.000000000000000e+00 1.000000000000000e+00 1.000000000000000e+00
xras   = -9.999998807907104e-01 1.396983861923218e-09 -1.862645149230957e-09
yras   = 0.000000000000000e+00 1.490116119384766e-08 -1.000000000000000e+00
zras   = -1.164153218269348e-09 9.999998807907104e-01 -7.450580596923828e-09
cras   = 2.892898559570312e+00 -2.450483703613281e+01 2.523117065429688e+00
dst volume info
valid = 1  # volume info valid
filename = /opt/freesurfer/average/mni305.cor.mgz
volume = 256 256 256
voxelsize = 1.000000000000000e+00 1.000000000000000e+00 1.000000000000000e+00
xras   = -1.000000000000000e+00 0.000000000000000e+00 0.000000000000000e+00
yras   = 0.000000000000000e+00 0.000000000000000e+00 -1.000000000000000e+00
zras   = 0.000000000000000e+00 1.000000000000000e+00 0.000000000000000e+00
cras   = 0.000000000000000e+00 0.000000000000000e+00 0.000000000000000e+00
subject fsaverage
fscale 0.100000
