# transform file transforms/talairach.lta
# created by robertdh on Mon Aug 14 05:12:31 2023

type      = 0 # LINEAR_VOX_TO_VOX
nxforms   = 1
mean      = 129.0000 139.0000 128.0000
sigma     = 10000.0000
1 4 4
9.986216425895691e-01 -6.061962805688381e-03 -2.847761102020741e-02 2.625497817993164e+00 
5.183659493923187e-03 1.138861894607544e+00 2.501734793186188e-01 -6.455098724365234e+01 
2.677766606211662e-02 -2.032677829265594e-01 9.827727675437927e-01 7.224116325378418e+00 
0.000000000000000e+00 0.000000000000000e+00 0.000000000000000e+00 1.000000000000000e+00 
src volume info
valid = 1  # volume info valid
filename = nu.mgz
volume = 256 256 256
voxelsize = 1.000000000000000e+00 1.000000000000000e+00 1.000000000000000e+00
xras   = -9.999998807907104e-01 1.396983861923218e-09 -1.862645149230957e-09
yras   = 0.000000000000000e+00 1.490116119384766e-08 -1.000000000000000e+00
zras   = -1.164153218269348e-09 9.999998807907104e-01 -7.450580596923828e-09
cras   = 2.892898559570312e+00 -2.450483703613281e+01 2.523117065429688e+00
dst volume info
valid = 1  # volume info valid
filename = /opt/freesurfer/average/RB_all_2020-01-02.gca
volume = 256 256 256
voxelsize = 1.000000000000000e+00 1.000000000000000e+00 1.000000000000000e+00
xras   = -1.000000000000000e+00 0.000000000000000e+00 0.000000000000000e+00
yras   = 0.000000000000000e+00 0.000000000000000e+00 -1.000000000000000e+00
zras   = 0.000000000000000e+00 1.000000000000000e+00 0.000000000000000e+00
cras   = 0.000000000000000e+00 0.000000000000000e+00 0.000000000000000e+00
