# transform file /project/data/bids/derivatives/sourcedata/freesurfer/sub-s002/mri/transforms/cc_up.lta
# created by robertdh on Thu Aug 10 15:24:19 2023

type      = 0 # LINEAR_VOX_TO_VOX
nxforms   = 1
mean      = 128.0000 135.0000 126.0000
sigma     = 10000.0000
1 4 4
9.995199441909790e-01 1.451560109853745e-02 -2.737182751297951e-02 2.156692981719971e+00 
-1.451016031205654e-02 9.998946785926819e-01 3.973603888880461e-04 1.381466484069824e+01 
2.737471088767052e-02 -2.910383045673370e-11 9.996252655982971e-01 1.055680561065674e+01 
0.000000000000000e+00 0.000000000000000e+00 0.000000000000000e+00 1.000000000000000e+00 
src volume info
valid = 1  # volume info valid
filename = /project/data/bids/derivatives/sourcedata/freesurfer/sub-s002/mri/norm.mgz
volume = 256 256 256
voxelsize = 1.000000000000000e+00 1.000000000000000e+00 1.000000000000000e+00
xras   = -1.000000119209290e+00 -2.328306436538696e-10 -9.313225746154785e-10
yras   = -9.313225746154785e-10 0.000000000000000e+00 -1.000000119209290e+00
zras   = 3.958120942115784e-09 1.000000000000000e+00 -7.450580596923828e-09
cras   = -1.420783996582031e+00 -2.189497375488281e+01 2.207931518554688e+00
dst volume info
valid = 1  # volume info valid
filename = /project/data/bids/derivatives/sourcedata/freesurfer/sub-s002/mri/norm.mgz
volume = 256 256 256
voxelsize = 1.000000000000000e+00 1.000000000000000e+00 1.000000000000000e+00
xras   = -1.000000119209290e+00 -2.328306436538696e-10 -9.313225746154785e-10
yras   = -9.313225746154785e-10 0.000000000000000e+00 -1.000000119209290e+00
zras   = 3.958120942115784e-09 1.000000000000000e+00 -7.450580596923828e-09
cras   = -1.420783996582031e+00 -2.189497375488281e+01 2.207931518554688e+00
