type      = 1 # LINEAR_RAS_TO_RAS
nxforms   = 1
mean      = 0.0000 0.0000 0.0000
sigma     = 1.0000
1 4 4
1.044335961341858e+00 3.413899987936020e-02 -7.449000142514706e-03 2.513031005859375e+00 
-4.240899905562401e-02 9.719409942626953e-01 3.298639953136444e-01 4.778107166290283e+00 
3.589000087231398e-03 -2.593199908733368e-01 1.094177961349487e+00 -4.734950065612793e-01 
0.000000000000000e+00 0.000000000000000e+00 0.000000000000000e+00 1.000000000000000e+00 
src volume info
valid = 1  # volume info valid
filename = /project/data/bids/derivatives/sourcedata/freesurfer/sub-s002/mri/orig_nu.mgz
volume = 256 256 256
voxelsize = 1.000000000000000e+00 1.000000000000000e+00 1.000000000000000e+00
xras   = -1.000000119209290e+00 -2.328306436538696e-10 -9.313225746154785e-10
yras   = -9.313225746154785e-10 0.000000000000000e+00 -1.000000119209290e+00
zras   = 3.958120942115784e-09 1.000000000000000e+00 -7.450580596923828e-09
cras   = -1.420783996582031e+00 -2.189497375488281e+01 2.207931518554688e+00
dst volume info
valid = 1  # volume info valid
filename = /opt/freesurfer/average/mni305.cor.mgz
volume = 256 256 256
voxelsize = 1.000000000000000e+00 1.000000000000000e+00 1.000000000000000e+00
xras   = -1.000000000000000e+00 0.000000000000000e+00 0.000000000000000e+00
yras   = 0.000000000000000e+00 0.000000000000000e+00 -1.000000000000000e+00
zras   = 0.000000000000000e+00 1.000000000000000e+00 0.000000000000000e+00
cras   = 0.000000000000000e+00 0.000000000000000e+00 0.000000000000000e+00
subject fsaverage
fscale 0.100000
