type      = 0 # LINEAR_VOX_TO_VOX
nxforms   = 1
mean      = 0.0000 0.0000 0.0000
sigma     = 1.0000
1 4 4
1.044336080551147e+00 -7.449000142514706e-03 -3.413900360465050e-02 -6.170959472656250e-01 
3.589001484215260e-03 1.094178080558777e+00 2.593199908733368e-01 -5.332223510742188e+01 
4.240900278091431e-02 -3.298640251159668e-01 9.719409942626953e-01 2.467184448242188e+01 
0.000000000000000e+00 0.000000000000000e+00 0.000000000000000e+00 1.000000000000000e+00 
src volume info
valid = 1  # volume info valid
filename = /project/data/bids/derivatives/sourcedata/freesurfer/sub-s002/mri/orig.mgz
volume = 256 256 256
voxelsize = 1.000000000000000e+00 1.000000000000000e+00 1.000000000000000e+00
xras   = -1.000000119209290e+00 -2.328306436538696e-10 -9.313225746154785e-10
yras   = -9.313225746154785e-10 0.000000000000000e+00 -1.000000119209290e+00
zras   = 3.958120942115784e-09 1.000000000000000e+00 -7.450580596923828e-09
cras   = -1.420783996582031e+00 -2.189497375488281e+01 2.207931518554688e+00
dst volume info
valid = 1  # volume info valid
filename = /opt/freesurfer/average/mni305.cor.mgz
volume = 256 256 256
voxelsize = 1.000000000000000e+00 1.000000000000000e+00 1.000000000000000e+00
xras   = -1.000000000000000e+00 0.000000000000000e+00 0.000000000000000e+00
yras   = 0.000000000000000e+00 0.000000000000000e+00 -1.000000000000000e+00
zras   = 0.000000000000000e+00 1.000000000000000e+00 0.000000000000000e+00
cras   = 0.000000000000000e+00 0.000000000000000e+00 0.000000000000000e+00
subject fsaverage
fscale 0.100000
