# transform file transforms/talairach.lta
# created by robertdh on Thu Aug 10 13:01:05 2023

type      = 0 # LINEAR_VOX_TO_VOX
nxforms   = 1
mean      = 128.0000 136.0000 126.0000
sigma     = 10000.0000
1 4 4
1.035728573799133e+00 1.352550834417343e-02 -1.281350292265415e-02 -6.826045036315918e+00 
-7.824679836630821e-03 1.140826106071472e+00 2.682279348373413e-01 -5.944622802734375e+01 
1.588917151093483e-02 -2.295022457838058e-01 9.962818622589111e-01 1.183440494537354e+01 
0.000000000000000e+00 0.000000000000000e+00 0.000000000000000e+00 1.000000000000000e+00 
src volume info
valid = 1  # volume info valid
filename = nu.mgz
volume = 256 256 256
voxelsize = 1.000000000000000e+00 1.000000000000000e+00 1.000000000000000e+00
xras   = -1.000000119209290e+00 -2.328306436538696e-10 -9.313225746154785e-10
yras   = -9.313225746154785e-10 0.000000000000000e+00 -1.000000119209290e+00
zras   = 3.958120942115784e-09 1.000000000000000e+00 -7.450580596923828e-09
cras   = -1.420783996582031e+00 -2.189497375488281e+01 2.207931518554688e+00
dst volume info
valid = 1  # volume info valid
filename = /opt/freesurfer/average/RB_all_2020-01-02.gca
volume = 256 256 256
voxelsize = 1.000000000000000e+00 1.000000000000000e+00 1.000000000000000e+00
xras   = -1.000000000000000e+00 0.000000000000000e+00 0.000000000000000e+00
yras   = 0.000000000000000e+00 0.000000000000000e+00 -1.000000000000000e+00
zras   = 0.000000000000000e+00 1.000000000000000e+00 0.000000000000000e+00
cras   = 0.000000000000000e+00 0.000000000000000e+00 0.000000000000000e+00
