# transform file /project/data/bids/derivatives/sourcedata/freesurfer/sub-s016/mri/transforms/cc_up.lta
# created by robertdh on Mon Aug 14 05:06:17 2023

type      = 0 # LINEAR_VOX_TO_VOX
nxforms   = 1
mean      = 128.0000 136.0000 126.0000
sigma     = 10000.0000
1 4 4
9.981940388679504e-01 4.909111559391022e-02 -3.462278470396996e-02 -1.571060657501221e+00 
-4.906161129474640e-02 9.987943172454834e-01 1.701722852885723e-03 2.028000259399414e+01 
3.466457873582840e-02 0.000000000000000e+00 9.993990659713745e-01 2.587201833724976e+00 
0.000000000000000e+00 0.000000000000000e+00 0.000000000000000e+00 1.000000000000000e+00 
src volume info
valid = 1  # volume info valid
filename = /project/data/bids/derivatives/sourcedata/freesurfer/sub-s016/mri/norm.mgz
volume = 256 256 256
voxelsize = 1.000000000000000e+00 1.000000000000000e+00 1.000000000000000e+00
xras   = -1.000000000000000e+00 1.455191522836685e-09 0.000000000000000e+00
yras   = -3.725290298461914e-09 0.000000000000000e+00 -1.000000000000000e+00
zras   = 2.211891114711761e-09 1.000000000000000e+00 -1.862645149230957e-09
cras   = -3.013610839843750e-01 -1.362379455566406e+01 1.796807861328125e+01
dst volume info
valid = 1  # volume info valid
filename = /project/data/bids/derivatives/sourcedata/freesurfer/sub-s016/mri/norm.mgz
volume = 256 256 256
voxelsize = 1.000000000000000e+00 1.000000000000000e+00 1.000000000000000e+00
xras   = -1.000000000000000e+00 1.455191522836685e-09 0.000000000000000e+00
yras   = -3.725290298461914e-09 0.000000000000000e+00 -1.000000000000000e+00
zras   = 2.211891114711761e-09 1.000000000000000e+00 -1.862645149230957e-09
cras   = -3.013610839843750e-01 -1.362379455566406e+01 1.796807861328125e+01
