# transform file transforms/talairach.lta
# created by robertdh on Mon Aug 14 03:41:35 2023

type      = 0 # LINEAR_VOX_TO_VOX
nxforms   = 1
mean      = 129.0000 136.0000 126.0000
sigma     = 10000.0000
1 4 4
1.033204793930054e+00 4.901093244552612e-02 -3.464714437723160e-02 -8.809530258178711e+00 
-3.268577530980110e-02 1.170316815376282e+00 2.012503743171692e-01 -5.250186157226562e+01 
4.233536496758461e-02 -2.296624630689621e-01 1.016840815544128e+00 5.527717590332031e+00 
0.000000000000000e+00 0.000000000000000e+00 0.000000000000000e+00 1.000000000000000e+00 
src volume info
valid = 1  # volume info valid
filename = nu.mgz
volume = 256 256 256
voxelsize = 1.000000000000000e+00 1.000000000000000e+00 1.000000000000000e+00
xras   = -1.000000000000000e+00 1.455191522836685e-09 0.000000000000000e+00
yras   = -3.725290298461914e-09 0.000000000000000e+00 -1.000000000000000e+00
zras   = 2.211891114711761e-09 1.000000000000000e+00 -1.862645149230957e-09
cras   = -3.013610839843750e-01 -1.362379455566406e+01 1.796807861328125e+01
dst volume info
valid = 1  # volume info valid
filename = /opt/freesurfer/average/RB_all_2020-01-02.gca
volume = 256 256 256
voxelsize = 1.000000000000000e+00 1.000000000000000e+00 1.000000000000000e+00
xras   = -1.000000000000000e+00 0.000000000000000e+00 0.000000000000000e+00
yras   = 0.000000000000000e+00 0.000000000000000e+00 -1.000000000000000e+00
zras   = 0.000000000000000e+00 1.000000000000000e+00 0.000000000000000e+00
cras   = 0.000000000000000e+00 0.000000000000000e+00 0.000000000000000e+00
