type      = 0 # LINEAR_VOX_TO_VOX
nxforms   = 1
mean      = 0.0000 0.0000 0.0000
sigma     = 1.0000
1 4 4
1.128648042678833e+00 4.505000263452530e-02 -4.420100525021553e-02 -1.783483886718750e+01 
-4.279899969696999e-02 1.132496953010559e+00 2.626689970493317e-01 -5.316958618164062e+01 
3.106900118291378e-02 -2.187750041484833e-01 1.086066007614136e+00 -2.735534667968750e+00 
0.000000000000000e+00 0.000000000000000e+00 0.000000000000000e+00 1.000000000000000e+00 
src volume info
valid = 1  # volume info valid
filename = /project/data/bids/derivatives/sourcedata/freesurfer/sub-s016/mri/orig.mgz
volume = 256 256 256
voxelsize = 1.000000000000000e+00 1.000000000000000e+00 1.000000000000000e+00
xras   = -1.000000000000000e+00 1.455191522836685e-09 0.000000000000000e+00
yras   = -3.725290298461914e-09 0.000000000000000e+00 -1.000000000000000e+00
zras   = 2.211891114711761e-09 1.000000000000000e+00 -1.862645149230957e-09
cras   = -3.013610839843750e-01 -1.362379455566406e+01 1.796807861328125e+01
dst volume info
valid = 1  # volume info valid
filename = /opt/freesurfer/average/mni305.cor.mgz
volume = 256 256 256
voxelsize = 1.000000000000000e+00 1.000000000000000e+00 1.000000000000000e+00
xras   = -1.000000000000000e+00 0.000000000000000e+00 0.000000000000000e+00
yras   = 0.000000000000000e+00 0.000000000000000e+00 -1.000000000000000e+00
zras   = 0.000000000000000e+00 1.000000000000000e+00 0.000000000000000e+00
cras   = 0.000000000000000e+00 0.000000000000000e+00 0.000000000000000e+00
subject fsaverage
fscale 0.100000
