# transform file /project/data/bids/derivatives/sourcedata/freesurfer/sub-p017/mri/transforms/cc_up.lta
# created by robertdh on Sun Aug 13 17:50:07 2023

type      = 0 # LINEAR_VOX_TO_VOX
nxforms   = 1
mean      = 130.0000 138.0000 127.0000
sigma     = 10000.0000
1 4 4
9.985814094543457e-01 4.775374010205269e-02 2.354932390153408e-02 -1.023338794708252e+01 
-4.774046689271927e-02 9.988591074943542e-01 -1.125852926634252e-03 1.242154407501221e+01 
-2.357622236013412e-02 0.000000000000000e+00 9.997219443321228e-01 2.107190704345703e+01 
0.000000000000000e+00 0.000000000000000e+00 0.000000000000000e+00 1.000000000000000e+00 
src volume info
valid = 1  # volume info valid
filename = /project/data/bids/derivatives/sourcedata/freesurfer/sub-p017/mri/norm.mgz
volume = 256 256 256
voxelsize = 1.000000000000000e+00 1.000000000000000e+00 1.000000000000000e+00
xras   = -1.000000000000000e+00 9.313225746154785e-10 0.000000000000000e+00
yras   = 0.000000000000000e+00 1.490116119384766e-08 -1.000000119209290e+00
zras   = 0.000000000000000e+00 1.000000119209290e+00 0.000000000000000e+00
cras   = -3.840217590332031e+00 4.178283691406250e+00 6.967453002929688e+00
dst volume info
valid = 1  # volume info valid
filename = /project/data/bids/derivatives/sourcedata/freesurfer/sub-p017/mri/norm.mgz
volume = 256 256 256
voxelsize = 1.000000000000000e+00 1.000000000000000e+00 1.000000000000000e+00
xras   = -1.000000000000000e+00 9.313225746154785e-10 0.000000000000000e+00
yras   = 0.000000000000000e+00 1.490116119384766e-08 -1.000000119209290e+00
zras   = 0.000000000000000e+00 1.000000119209290e+00 0.000000000000000e+00
cras   = -3.840217590332031e+00 4.178283691406250e+00 6.967453002929688e+00
