type      = 0 # LINEAR_VOX_TO_VOX
nxforms   = 1
mean      = 0.0000 0.0000 0.0000
sigma     = 1.0000
1 4 4
1.025647997856140e+00 6.430801004171371e-02 4.793800786137581e-02 -1.841902160644531e+01 
-7.366400212049484e-02 1.019630074501038e+00 2.944270372390747e-01 -4.165386962890625e+01 
-3.967599943280220e-02 -3.935470581054688e-01 9.991461038589478e-01 4.338880920410156e+01 
0.000000000000000e+00 0.000000000000000e+00 0.000000000000000e+00 1.000000000000000e+00 
src volume info
valid = 1  # volume info valid
filename = /project/data/bids/derivatives/sourcedata/freesurfer/sub-p017/mri/orig.mgz
volume = 256 256 256
voxelsize = 1.000000000000000e+00 1.000000000000000e+00 1.000000000000000e+00
xras   = -1.000000000000000e+00 9.313225746154785e-10 0.000000000000000e+00
yras   = 0.000000000000000e+00 1.490116119384766e-08 -1.000000119209290e+00
zras   = 0.000000000000000e+00 1.000000119209290e+00 0.000000000000000e+00
cras   = -3.840217590332031e+00 4.178283691406250e+00 6.967453002929688e+00
dst volume info
valid = 1  # volume info valid
filename = /opt/freesurfer/average/mni305.cor.mgz
volume = 256 256 256
voxelsize = 1.000000000000000e+00 1.000000000000000e+00 1.000000000000000e+00
xras   = -1.000000000000000e+00 0.000000000000000e+00 0.000000000000000e+00
yras   = 0.000000000000000e+00 0.000000000000000e+00 -1.000000000000000e+00
zras   = 0.000000000000000e+00 1.000000000000000e+00 0.000000000000000e+00
cras   = 0.000000000000000e+00 0.000000000000000e+00 0.000000000000000e+00
subject fsaverage
fscale 0.100000
