# transform file /project/data/bids/derivatives/sourcedata/freesurfer/sub-p005/mri/transforms/cc_up.lta
# created by robertdh on Sun Aug 13 03:23:09 2023

type      = 0 # LINEAR_VOX_TO_VOX
nxforms   = 1
mean      = 129.0000 135.0000 126.0000
sigma     = 10000.0000
1 4 4
9.991456270217896e-01 3.272860124707222e-02 -2.524037659168243e-02 -1.680956244468689e+00 
-3.271816298365593e-02 9.994643926620483e-01 8.265248616226017e-04 1.718490600585938e+01 
2.525390498340130e-02 0.000000000000000e+00 9.996811747550964e-01 5.779417514801025e+00 
0.000000000000000e+00 0.000000000000000e+00 0.000000000000000e+00 1.000000000000000e+00 
src volume info
valid = 1  # volume info valid
filename = /project/data/bids/derivatives/sourcedata/freesurfer/sub-p005/mri/norm.mgz
volume = 256 256 256
voxelsize = 1.000000000000000e+00 1.000000000000000e+00 1.000000000000000e+00
xras   = -1.000000119209290e+00 -1.746229827404022e-09 0.000000000000000e+00
yras   = 0.000000000000000e+00 0.000000000000000e+00 -1.000000119209290e+00
zras   = -1.920852810144424e-09 1.000000119209290e+00 3.725290298461914e-09
cras   = -3.648178100585938e+00 5.477584838867188e+00 -3.947013854980469e+01
dst volume info
valid = 1  # volume info valid
filename = /project/data/bids/derivatives/sourcedata/freesurfer/sub-p005/mri/norm.mgz
volume = 256 256 256
voxelsize = 1.000000000000000e+00 1.000000000000000e+00 1.000000000000000e+00
xras   = -1.000000119209290e+00 -1.746229827404022e-09 0.000000000000000e+00
yras   = 0.000000000000000e+00 0.000000000000000e+00 -1.000000119209290e+00
zras   = -1.920852810144424e-09 1.000000119209290e+00 3.725290298461914e-09
cras   = -3.648178100585938e+00 5.477584838867188e+00 -3.947013854980469e+01
