# transform file transforms/talairach.lta
# created by robertdh on Sun Aug 13 01:41:36 2023

type      = 0 # LINEAR_VOX_TO_VOX
nxforms   = 1
mean      = 129.0000 135.0000 127.0000
sigma     = 10000.0000
1 4 4
1.009653210639954e+00 2.679573185741901e-02 5.744116380810738e-03 -7.805130958557129e+00 
-2.605926617980003e-02 1.148259043693542e+00 2.461487352848053e-01 -5.455495452880859e+01 
0.000000000000000e+00 -2.652854323387146e-01 1.051398992538452e+00 1.170246315002441e+01 
0.000000000000000e+00 0.000000000000000e+00 0.000000000000000e+00 1.000000000000000e+00 
src volume info
valid = 1  # volume info valid
filename = nu.mgz
volume = 256 256 256
voxelsize = 1.000000000000000e+00 1.000000000000000e+00 1.000000000000000e+00
xras   = -1.000000119209290e+00 -1.746229827404022e-09 0.000000000000000e+00
yras   = 0.000000000000000e+00 0.000000000000000e+00 -1.000000119209290e+00
zras   = -1.920852810144424e-09 1.000000119209290e+00 3.725290298461914e-09
cras   = -3.648178100585938e+00 5.477584838867188e+00 -3.947013854980469e+01
dst volume info
valid = 1  # volume info valid
filename = /opt/freesurfer/average/RB_all_2020-01-02.gca
volume = 256 256 256
voxelsize = 1.000000000000000e+00 1.000000000000000e+00 1.000000000000000e+00
xras   = -1.000000000000000e+00 0.000000000000000e+00 0.000000000000000e+00
yras   = 0.000000000000000e+00 0.000000000000000e+00 -1.000000000000000e+00
zras   = 0.000000000000000e+00 1.000000000000000e+00 0.000000000000000e+00
cras   = 0.000000000000000e+00 0.000000000000000e+00 0.000000000000000e+00
