# transform file /project/data/bids/derivatives/sourcedata/freesurfer/sub-s021/mri/transforms/cc_up.lta
# created by robertdh on Sun Aug 13 23:58:18 2023

type      = 0 # LINEAR_VOX_TO_VOX
nxforms   = 1
mean      = 125.0000 141.0000 126.0000
sigma     = 10000.0000
1 4 4
9.994019269943237e-01 1.025410648435354e-02 -3.302446380257607e-02 4.235518455505371e+00 
-1.024851296097040e-02 9.999473690986633e-01 3.386541793588549e-04 -4.727624416351318e+00 
3.302619978785515e-02 0.000000000000000e+00 9.994544982910156e-01 1.686404418945312e+01 
0.000000000000000e+00 0.000000000000000e+00 0.000000000000000e+00 1.000000000000000e+00 
src volume info
valid = 1  # volume info valid
filename = /project/data/bids/derivatives/sourcedata/freesurfer/sub-s021/mri/norm.mgz
volume = 256 256 256
voxelsize = 1.000000000000000e+00 1.000000000000000e+00 1.000000000000000e+00
xras   = -1.000000000000000e+00 2.793967723846436e-09 0.000000000000000e+00
yras   = 0.000000000000000e+00 0.000000000000000e+00 -1.000000000000000e+00
zras   = -3.259629011154175e-09 1.000000119209290e+00 -2.980232238769531e-08
cras   = -3.098678588867188e+00 -1.761457061767578e+01 5.473266601562500e+00
dst volume info
valid = 1  # volume info valid
filename = /project/data/bids/derivatives/sourcedata/freesurfer/sub-s021/mri/norm.mgz
volume = 256 256 256
voxelsize = 1.000000000000000e+00 1.000000000000000e+00 1.000000000000000e+00
xras   = -1.000000000000000e+00 2.793967723846436e-09 0.000000000000000e+00
yras   = 0.000000000000000e+00 0.000000000000000e+00 -1.000000000000000e+00
zras   = -3.259629011154175e-09 1.000000119209290e+00 -2.980232238769531e-08
cras   = -3.098678588867188e+00 -1.761457061767578e+01 5.473266601562500e+00
