# transform file transforms/talairach.lta
# created by robertdh on Sun Aug 13 22:30:25 2023

type      = 0 # LINEAR_VOX_TO_VOX
nxforms   = 1
mean      = 126.0000 142.0000 126.0000
sigma     = 10000.0000
1 4 4
9.201196432113647e-01 -8.035465143620968e-03 -8.098100125789642e-02 1.953393745422363e+01 
4.155110940337181e-02 1.010957598686218e+00 4.620964527130127e-01 -7.913990783691406e+01 
1.374118179082870e-01 -5.839784741401672e-01 8.431686162948608e-01 6.789096069335938e+01 
0.000000000000000e+00 0.000000000000000e+00 0.000000000000000e+00 1.000000000000000e+00 
src volume info
valid = 1  # volume info valid
filename = nu.mgz
volume = 256 256 256
voxelsize = 1.000000000000000e+00 1.000000000000000e+00 1.000000000000000e+00
xras   = -1.000000000000000e+00 2.793967723846436e-09 0.000000000000000e+00
yras   = 0.000000000000000e+00 0.000000000000000e+00 -1.000000000000000e+00
zras   = -3.259629011154175e-09 1.000000119209290e+00 -2.980232238769531e-08
cras   = -3.098678588867188e+00 -1.761457061767578e+01 5.473266601562500e+00
dst volume info
valid = 1  # volume info valid
filename = /opt/freesurfer/average/RB_all_2020-01-02.gca
volume = 256 256 256
voxelsize = 1.000000000000000e+00 1.000000000000000e+00 1.000000000000000e+00
xras   = -1.000000000000000e+00 0.000000000000000e+00 0.000000000000000e+00
yras   = 0.000000000000000e+00 0.000000000000000e+00 -1.000000000000000e+00
zras   = 0.000000000000000e+00 1.000000000000000e+00 0.000000000000000e+00
cras   = 0.000000000000000e+00 0.000000000000000e+00 0.000000000000000e+00
