# transform file /project/data/bids/derivatives/sourcedata/freesurfer/sub-s007/mri/transforms/cc_up.lta
# created by robertdh on Mon Aug 14 08:02:32 2023

type      = 0 # LINEAR_VOX_TO_VOX
nxforms   = 1
mean      = 128.0000 138.0000 127.0000
sigma     = 10000.0000
1 4 4
9.998793005943298e-01 4.594736266881227e-03 -1.484386995434761e-02 1.147101163864136e+00 
-4.594230093061924e-03 9.999895095825195e-01 6.820439011789858e-05 6.581576347351074e+00 
1.484402641654015e-02 -7.275957614183426e-12 9.998898506164551e-01 1.211252498626709e+01 
0.000000000000000e+00 0.000000000000000e+00 0.000000000000000e+00 1.000000000000000e+00 
src volume info
valid = 1  # volume info valid
filename = /project/data/bids/derivatives/sourcedata/freesurfer/sub-s007/mri/norm.mgz
volume = 256 256 256
voxelsize = 1.000000000000000e+00 1.000000000000000e+00 1.000000000000000e+00
xras   = -9.999999403953552e-01 -4.656612873077393e-10 0.000000000000000e+00
yras   = 0.000000000000000e+00 1.490116119384766e-08 -1.000000000000000e+00
zras   = -2.328306436538696e-10 1.000000000000000e+00 0.000000000000000e+00
cras   = -2.819503784179688e+00 -2.346335601806641e+01 -1.916114807128906e+01
dst volume info
valid = 1  # volume info valid
filename = /project/data/bids/derivatives/sourcedata/freesurfer/sub-s007/mri/norm.mgz
volume = 256 256 256
voxelsize = 1.000000000000000e+00 1.000000000000000e+00 1.000000000000000e+00
xras   = -9.999999403953552e-01 -4.656612873077393e-10 0.000000000000000e+00
yras   = 0.000000000000000e+00 1.490116119384766e-08 -1.000000000000000e+00
zras   = -2.328306436538696e-10 1.000000000000000e+00 0.000000000000000e+00
cras   = -2.819503784179688e+00 -2.346335601806641e+01 -1.916114807128906e+01
