type      = 1 # LINEAR_RAS_TO_RAS
nxforms   = 1
mean      = 0.0000 0.0000 0.0000
sigma     = 1.0000
1 4 4
1.063004016876221e+00 -1.213300041854382e-02 -7.251999806612730e-03 3.166336059570312e+00 
-2.400700002908707e-02 9.750310182571411e-01 5.803949832916260e-01 1.776377105712891e+01 
-2.757000038400292e-03 -4.540730118751526e-01 1.108348965644836e+00 2.401074218750000e+01 
0.000000000000000e+00 0.000000000000000e+00 0.000000000000000e+00 1.000000000000000e+00 
src volume info
valid = 1  # volume info valid
filename = /project/data/bids/derivatives/sourcedata/freesurfer/sub-s007/mri/orig_nu.mgz
volume = 256 256 256
voxelsize = 1.000000000000000e+00 1.000000000000000e+00 1.000000000000000e+00
xras   = -9.999999403953552e-01 -4.656612873077393e-10 0.000000000000000e+00
yras   = 0.000000000000000e+00 1.490116119384766e-08 -1.000000000000000e+00
zras   = -2.328306436538696e-10 1.000000000000000e+00 0.000000000000000e+00
cras   = -2.819503784179688e+00 -2.346335601806641e+01 -1.916114807128906e+01
dst volume info
valid = 1  # volume info valid
filename = /opt/freesurfer/average/mni305.cor.mgz
volume = 256 256 256
voxelsize = 1.000000000000000e+00 1.000000000000000e+00 1.000000000000000e+00
xras   = -1.000000000000000e+00 0.000000000000000e+00 0.000000000000000e+00
yras   = 0.000000000000000e+00 0.000000000000000e+00 -1.000000000000000e+00
zras   = 0.000000000000000e+00 1.000000000000000e+00 0.000000000000000e+00
cras   = 0.000000000000000e+00 0.000000000000000e+00 0.000000000000000e+00
subject fsaverage
fscale 0.100000
