# transform file /project/data/bids/derivatives/sourcedata/freesurfer/sub-s019/mri/transforms/cc_up.lta
# created by robertdh on Mon Aug 14 00:57:01 2023

type      = 0 # LINEAR_VOX_TO_VOX
nxforms   = 1
mean      = 128.0000 137.0000 128.0000
sigma     = 10000.0000
1 4 4
9.984344840049744e-01 4.873159527778625e-02 -2.745696343481541e-02 -1.876668930053711e+00 
-4.871317744255066e-02 9.988119602203369e-01 1.339613110758364e-03 8.186751365661621e+00 
2.748962305486202e-02 0.000000000000000e+00 9.996221065521240e-01 2.555577468872070e+01 
0.000000000000000e+00 0.000000000000000e+00 0.000000000000000e+00 1.000000000000000e+00 
src volume info
valid = 1  # volume info valid
filename = /project/data/bids/derivatives/sourcedata/freesurfer/sub-s019/mri/norm.mgz
volume = 256 256 256
voxelsize = 1.000000000000000e+00 1.000000000000000e+00 1.000000000000000e+00
xras   = -1.000000119209290e+00 -9.313225746154785e-10 0.000000000000000e+00
yras   = 0.000000000000000e+00 0.000000000000000e+00 -1.000000119209290e+00
zras   = 3.259629011154175e-09 1.000000119209290e+00 -1.490116119384766e-08
cras   = -3.001998901367188e+00 -1.572650909423828e+01 -7.905014038085938e+00
dst volume info
valid = 1  # volume info valid
filename = /project/data/bids/derivatives/sourcedata/freesurfer/sub-s019/mri/norm.mgz
volume = 256 256 256
voxelsize = 1.000000000000000e+00 1.000000000000000e+00 1.000000000000000e+00
xras   = -1.000000119209290e+00 -9.313225746154785e-10 0.000000000000000e+00
yras   = 0.000000000000000e+00 0.000000000000000e+00 -1.000000119209290e+00
zras   = 3.259629011154175e-09 1.000000119209290e+00 -1.490116119384766e-08
cras   = -3.001998901367188e+00 -1.572650909423828e+01 -7.905014038085938e+00
