# transform file transforms/talairach.lta
# created by robertdh on Sun Aug 13 23:19:31 2023

type      = 0 # LINEAR_VOX_TO_VOX
nxforms   = 1
mean      = 128.0000 138.0000 127.0000
sigma     = 10000.0000
1 4 4
9.457260966300964e-01 5.290810763835907e-02 2.722187666222453e-03 -2.094976425170898e+00 
-4.744965583086014e-02 1.076603531837463e+00 3.756284713745117e-01 -6.304893493652344e+01 
1.920216158032417e-02 -3.451075255870819e-01 8.131856918334961e-01 4.995430374145508e+01 
0.000000000000000e+00 0.000000000000000e+00 0.000000000000000e+00 1.000000000000000e+00 
src volume info
valid = 1  # volume info valid
filename = nu.mgz
volume = 256 256 256
voxelsize = 1.000000000000000e+00 1.000000000000000e+00 1.000000000000000e+00
xras   = -1.000000119209290e+00 -9.313225746154785e-10 0.000000000000000e+00
yras   = 0.000000000000000e+00 0.000000000000000e+00 -1.000000119209290e+00
zras   = 3.259629011154175e-09 1.000000119209290e+00 -1.490116119384766e-08
cras   = -3.001998901367188e+00 -1.572650909423828e+01 -7.905014038085938e+00
dst volume info
valid = 1  # volume info valid
filename = /opt/freesurfer/average/RB_all_2020-01-02.gca
volume = 256 256 256
voxelsize = 1.000000000000000e+00 1.000000000000000e+00 1.000000000000000e+00
xras   = -1.000000000000000e+00 0.000000000000000e+00 0.000000000000000e+00
yras   = 0.000000000000000e+00 0.000000000000000e+00 -1.000000000000000e+00
zras   = 0.000000000000000e+00 1.000000000000000e+00 0.000000000000000e+00
cras   = 0.000000000000000e+00 0.000000000000000e+00 0.000000000000000e+00
