# transform file /project/data/bids/derivatives/sourcedata/freesurfer/sub-p016/mri/transforms/cc_up.lta
# created by robertdh on Mon Aug 21 02:37:19 2023

type      = 0 # LINEAR_VOX_TO_VOX
nxforms   = 1
mean      = 129.0000 135.0000 126.0000
sigma     = 10000.0000
1 4 4
9.955975413322449e-01 9.097684919834137e-02 -2.256020344793797e-02 -7.532047748565674e+00 
-9.095349907875061e-02 9.958531260490417e-01 2.061003120616078e-03 2.389857673645020e+01 
2.265414968132973e-02 -2.328306714094452e-10 9.997434616088867e-01 4.125133514404297e+00 
0.000000000000000e+00 0.000000000000000e+00 0.000000000000000e+00 1.000000000000000e+00 
src volume info
valid = 1  # volume info valid
filename = /project/data/bids/derivatives/sourcedata/freesurfer/sub-p016/mri/norm.mgz
volume = 256 256 256
voxelsize = 1.000000000000000e+00 1.000000000000000e+00 1.000000000000000e+00
xras   = -1.000000000000000e+00 -2.328306436538696e-10 7.450580596923828e-09
yras   = 0.000000000000000e+00 0.000000000000000e+00 -1.000000000000000e+00
zras   = 0.000000000000000e+00 1.000000000000000e+00 3.725290298461914e-09
cras   = -4.089790344238281e+00 5.693305969238281e+00 1.048336791992188e+01
dst volume info
valid = 1  # volume info valid
filename = /project/data/bids/derivatives/sourcedata/freesurfer/sub-p016/mri/norm.mgz
volume = 256 256 256
voxelsize = 1.000000000000000e+00 1.000000000000000e+00 1.000000000000000e+00
xras   = -1.000000000000000e+00 -2.328306436538696e-10 7.450580596923828e-09
yras   = 0.000000000000000e+00 0.000000000000000e+00 -1.000000000000000e+00
zras   = 0.000000000000000e+00 1.000000000000000e+00 3.725290298461914e-09
cras   = -4.089790344238281e+00 5.693305969238281e+00 1.048336791992188e+01
