# transform file transforms/talairach.lta
# created by robertdh on Mon Aug 21 01:01:55 2023

type      = 0 # LINEAR_VOX_TO_VOX
nxforms   = 1
mean      = 126.0000 136.0000 126.0000
sigma     = 10000.0000
1 4 4
1.108723759651184e+00 4.249168187379837e-02 -1.499756518751383e-02 -2.031317520141602e+01 
-5.354693531990051e-02 1.145342588424683e+00 2.400352358818054e-01 -5.189306640625000e+01 
3.056551329791546e-02 -2.007613778114319e-01 9.977509975433350e-01 5.303108692169189e+00 
0.000000000000000e+00 0.000000000000000e+00 0.000000000000000e+00 1.000000000000000e+00 
src volume info
valid = 1  # volume info valid
filename = nu.mgz
volume = 256 256 256
voxelsize = 1.000000000000000e+00 1.000000000000000e+00 1.000000000000000e+00
xras   = -1.000000000000000e+00 -2.328306436538696e-10 7.450580596923828e-09
yras   = 0.000000000000000e+00 0.000000000000000e+00 -1.000000000000000e+00
zras   = 0.000000000000000e+00 1.000000000000000e+00 3.725290298461914e-09
cras   = -4.089790344238281e+00 5.693305969238281e+00 1.048336791992188e+01
dst volume info
valid = 1  # volume info valid
filename = /opt/freesurfer/average/RB_all_2020-01-02.gca
volume = 256 256 256
voxelsize = 1.000000000000000e+00 1.000000000000000e+00 1.000000000000000e+00
xras   = -1.000000000000000e+00 0.000000000000000e+00 0.000000000000000e+00
yras   = 0.000000000000000e+00 0.000000000000000e+00 -1.000000000000000e+00
zras   = 0.000000000000000e+00 1.000000000000000e+00 0.000000000000000e+00
cras   = 0.000000000000000e+00 0.000000000000000e+00 0.000000000000000e+00
