# transform file /project/data/bids/derivatives/sourcedata/freesurfer/sub-s015/mri/transforms/cc_up.lta
# created by robertdh on Mon Aug 14 06:10:17 2023

type      = 0 # LINEAR_VOX_TO_VOX
nxforms   = 1
mean      = 130.0000 136.0000 127.0000
sigma     = 10000.0000
1 4 4
9.994046688079834e-01 -1.276693772524595e-02 -3.204997256398201e-02 5.403158664703369e+00 
1.276037748903036e-02 9.999184608459473e-01 -4.092133603990078e-04 1.042523097991943e+01 
3.205258399248123e-02 0.000000000000000e+00 9.994861483573914e-01 3.958928346633911e+00 
0.000000000000000e+00 0.000000000000000e+00 0.000000000000000e+00 1.000000000000000e+00 
src volume info
valid = 1  # volume info valid
filename = /project/data/bids/derivatives/sourcedata/freesurfer/sub-s015/mri/norm.mgz
volume = 256 256 256
voxelsize = 1.000000000000000e+00 1.000000000000000e+00 1.000000000000000e+00
xras   = -1.000000000000000e+00 -6.359186954796314e-09 -2.328306436538696e-10
yras   = 0.000000000000000e+00 -1.862645149230957e-09 -1.000000000000000e+00
zras   = 2.637534635141492e-09 9.999999403953552e-01 1.862645149230957e-09
cras   = 3.909568786621094e+00 -1.513207244873047e+01 2.185655212402344e+01
dst volume info
valid = 1  # volume info valid
filename = /project/data/bids/derivatives/sourcedata/freesurfer/sub-s015/mri/norm.mgz
volume = 256 256 256
voxelsize = 1.000000000000000e+00 1.000000000000000e+00 1.000000000000000e+00
xras   = -1.000000000000000e+00 -6.359186954796314e-09 -2.328306436538696e-10
yras   = 0.000000000000000e+00 -1.862645149230957e-09 -1.000000000000000e+00
zras   = 2.637534635141492e-09 9.999999403953552e-01 1.862645149230957e-09
cras   = 3.909568786621094e+00 -1.513207244873047e+01 2.185655212402344e+01
