type      = 0 # LINEAR_VOX_TO_VOX
nxforms   = 1
mean      = 0.0000 0.0000 0.0000
sigma     = 1.0000
1 4 4
9.773849844932556e-01 1.551999943330884e-03 -2.974399924278259e-02 6.154251098632812e+00 
2.561299875378609e-02 9.687359929084778e-01 2.459239810705185e-01 -3.924319458007812e+01 
1.062059924006462e-01 -3.234609961509705e-01 9.323899149894714e-01 1.990722656250000e+01 
0.000000000000000e+00 0.000000000000000e+00 0.000000000000000e+00 1.000000000000000e+00 
src volume info
valid = 1  # volume info valid
filename = /project/data/bids/derivatives/sourcedata/freesurfer/sub-s015/mri/orig.mgz
volume = 256 256 256
voxelsize = 1.000000000000000e+00 1.000000000000000e+00 1.000000000000000e+00
xras   = -1.000000000000000e+00 -6.359186954796314e-09 -2.328306436538696e-10
yras   = 0.000000000000000e+00 -1.862645149230957e-09 -1.000000000000000e+00
zras   = 2.637534635141492e-09 9.999999403953552e-01 1.862645149230957e-09
cras   = 3.909568786621094e+00 -1.513207244873047e+01 2.185655212402344e+01
dst volume info
valid = 1  # volume info valid
filename = /opt/freesurfer/average/mni305.cor.mgz
volume = 256 256 256
voxelsize = 1.000000000000000e+00 1.000000000000000e+00 1.000000000000000e+00
xras   = -1.000000000000000e+00 0.000000000000000e+00 0.000000000000000e+00
yras   = 0.000000000000000e+00 0.000000000000000e+00 -1.000000000000000e+00
zras   = 0.000000000000000e+00 1.000000000000000e+00 0.000000000000000e+00
cras   = 0.000000000000000e+00 0.000000000000000e+00 0.000000000000000e+00
subject fsaverage
fscale 0.100000
