# transform file transforms/talairach.lta
# created by robertdh on Mon Aug 14 04:38:02 2023

type      = 0 # LINEAR_VOX_TO_VOX
nxforms   = 1
mean      = 130.0000 137.0000 127.0000
sigma     = 10000.0000
1 4 4
9.477530717849731e-01 4.315762221813202e-02 -2.687714435160160e-02 3.051377773284912e+00 
-3.067429549992085e-02 1.012613773345947e+00 2.723175585269928e-01 -4.080936813354492e+01 
3.952024132013321e-02 -2.394281625747681e-01 8.946493864059448e-01 2.335954475402832e+01 
0.000000000000000e+00 0.000000000000000e+00 0.000000000000000e+00 1.000000000000000e+00 
src volume info
valid = 1  # volume info valid
filename = nu.mgz
volume = 256 256 256
voxelsize = 1.000000000000000e+00 1.000000000000000e+00 1.000000000000000e+00
xras   = -1.000000000000000e+00 -6.359186954796314e-09 -2.328306436538696e-10
yras   = 0.000000000000000e+00 -1.862645149230957e-09 -1.000000000000000e+00
zras   = 2.637534635141492e-09 9.999999403953552e-01 1.862645149230957e-09
cras   = 3.909568786621094e+00 -1.513207244873047e+01 2.185655212402344e+01
dst volume info
valid = 1  # volume info valid
filename = /opt/freesurfer/average/RB_all_2020-01-02.gca
volume = 256 256 256
voxelsize = 1.000000000000000e+00 1.000000000000000e+00 1.000000000000000e+00
xras   = -1.000000000000000e+00 0.000000000000000e+00 0.000000000000000e+00
yras   = 0.000000000000000e+00 0.000000000000000e+00 -1.000000000000000e+00
zras   = 0.000000000000000e+00 1.000000000000000e+00 0.000000000000000e+00
cras   = 0.000000000000000e+00 0.000000000000000e+00 0.000000000000000e+00
