# transform file /project/data/bids/derivatives/sourcedata/freesurfer/sub-p011/mri/transforms/cc_up.lta
# created by robertdh on Sun Aug 13 14:58:58 2023

type      = 0 # LINEAR_VOX_TO_VOX
nxforms   = 1
mean      = 132.0000 133.0000 130.0000
sigma     = 10000.0000
1 4 4
9.979636669158936e-01 -4.079134017229080e-02 4.903674870729446e-02 -2.004038810729980e+00 
4.074218496680260e-02 9.991676807403564e-01 2.001940971240401e-03 1.059924697875977e+01 
-4.907759651541710e-02 0.000000000000000e+00 9.987949728965759e-01 1.547440719604492e+01 
0.000000000000000e+00 0.000000000000000e+00 0.000000000000000e+00 1.000000000000000e+00 
src volume info
valid = 1  # volume info valid
filename = /project/data/bids/derivatives/sourcedata/freesurfer/sub-p011/mri/norm.mgz
volume = 256 256 256
voxelsize = 1.000000000000000e+00 1.000000000000000e+00 1.000000000000000e+00
xras   = -1.000000000000000e+00 -3.688910510390997e-09 0.000000000000000e+00
yras   = 9.313225746154785e-10 0.000000000000000e+00 -1.000000000000000e+00
zras   = -3.754394128918648e-09 1.000000000000000e+00 -9.313225746154785e-10
cras   = 1.938552856445312e+00 2.896641540527344e+01 2.540587615966797e+01
dst volume info
valid = 1  # volume info valid
filename = /project/data/bids/derivatives/sourcedata/freesurfer/sub-p011/mri/norm.mgz
volume = 256 256 256
voxelsize = 1.000000000000000e+00 1.000000000000000e+00 1.000000000000000e+00
xras   = -1.000000000000000e+00 -3.688910510390997e-09 0.000000000000000e+00
yras   = 9.313225746154785e-10 0.000000000000000e+00 -1.000000000000000e+00
zras   = -3.754394128918648e-09 1.000000000000000e+00 -9.313225746154785e-10
cras   = 1.938552856445312e+00 2.896641540527344e+01 2.540587615966797e+01
