type      = 0 # LINEAR_VOX_TO_VOX
nxforms   = 1
mean      = 0.0000 0.0000 0.0000
sigma     = 1.0000
1 4 4
1.036327004432678e+00 -2.181200124323368e-02 3.237600252032280e-02 -7.240325927734375e+00 
2.701999153941870e-03 1.097129940986633e+00 2.536469995975494e-01 -5.195452880859375e+01 
-7.458100467920303e-02 -2.550210058689117e-01 1.037778019905090e+00 1.928096771240234e+01 
0.000000000000000e+00 0.000000000000000e+00 0.000000000000000e+00 1.000000000000000e+00 
src volume info
valid = 1  # volume info valid
filename = /project/data/bids/derivatives/sourcedata/freesurfer/sub-p011/mri/orig.mgz
volume = 256 256 256
voxelsize = 1.000000000000000e+00 1.000000000000000e+00 1.000000000000000e+00
xras   = -1.000000000000000e+00 -3.688910510390997e-09 0.000000000000000e+00
yras   = 9.313225746154785e-10 0.000000000000000e+00 -1.000000000000000e+00
zras   = -3.754394128918648e-09 1.000000000000000e+00 -9.313225746154785e-10
cras   = 1.938552856445312e+00 2.896641540527344e+01 2.540587615966797e+01
dst volume info
valid = 1  # volume info valid
filename = /opt/freesurfer/average/mni305.cor.mgz
volume = 256 256 256
voxelsize = 1.000000000000000e+00 1.000000000000000e+00 1.000000000000000e+00
xras   = -1.000000000000000e+00 0.000000000000000e+00 0.000000000000000e+00
yras   = 0.000000000000000e+00 0.000000000000000e+00 -1.000000000000000e+00
zras   = 0.000000000000000e+00 1.000000000000000e+00 0.000000000000000e+00
cras   = 0.000000000000000e+00 0.000000000000000e+00 0.000000000000000e+00
subject fsaverage
fscale 0.100000
