# transform file transforms/talairach.lta
# created by robertdh on Sun Aug 13 13:28:49 2023

type      = 0 # LINEAR_VOX_TO_VOX
nxforms   = 1
mean      = 132.0000 133.0000 129.0000
sigma     = 10000.0000
1 4 4
9.785265326499939e-01 -2.405373752117157e-02 6.952241808176041e-02 -6.812567710876465e+00 
7.463028654456139e-03 1.116708755493164e+00 2.209054529666901e-01 -5.195681381225586e+01 
-7.566020637750626e-02 -2.201793789863586e-01 1.011669874191284e+00 1.838334655761719e+01 
0.000000000000000e+00 0.000000000000000e+00 0.000000000000000e+00 1.000000000000000e+00 
src volume info
valid = 1  # volume info valid
filename = nu.mgz
volume = 256 256 256
voxelsize = 1.000000000000000e+00 1.000000000000000e+00 1.000000000000000e+00
xras   = -1.000000000000000e+00 -3.688910510390997e-09 0.000000000000000e+00
yras   = 9.313225746154785e-10 0.000000000000000e+00 -1.000000000000000e+00
zras   = -3.754394128918648e-09 1.000000000000000e+00 -9.313225746154785e-10
cras   = 1.938552856445312e+00 2.896641540527344e+01 2.540587615966797e+01
dst volume info
valid = 1  # volume info valid
filename = /opt/freesurfer/average/RB_all_2020-01-02.gca
volume = 256 256 256
voxelsize = 1.000000000000000e+00 1.000000000000000e+00 1.000000000000000e+00
xras   = -1.000000000000000e+00 0.000000000000000e+00 0.000000000000000e+00
yras   = 0.000000000000000e+00 0.000000000000000e+00 -1.000000000000000e+00
zras   = 0.000000000000000e+00 1.000000000000000e+00 0.000000000000000e+00
cras   = 0.000000000000000e+00 0.000000000000000e+00 0.000000000000000e+00
