# transform file /project/data/bids/derivatives/sourcedata/freesurfer/sub-p020/mri/transforms/cc_up.lta
# created by robertdh on Sun Aug 13 22:33:00 2023

type      = 0 # LINEAR_VOX_TO_VOX
nxforms   = 1
mean      = 127.0000 135.0000 126.0000
sigma     = 10000.0000
1 4 4
9.996877908706665e-01 1.218605320900679e-02 -2.181293070316315e-02 1.377364695072174e-01 
-1.218315307050943e-02 9.999257326126099e-01 2.658332523424178e-04 1.554978370666504e+01 
2.181454934179783e-02 2.910383045673370e-11 9.997619986534119e-01 1.121305656433105e+01 
0.000000000000000e+00 0.000000000000000e+00 0.000000000000000e+00 1.000000000000000e+00 
src volume info
valid = 1  # volume info valid
filename = /project/data/bids/derivatives/sourcedata/freesurfer/sub-p020/mri/norm.mgz
volume = 256 256 256
voxelsize = 1.000000000000000e+00 1.000000000000000e+00 1.000000000000000e+00
xras   = -1.000000119209290e+00 -6.984919309616089e-10 0.000000000000000e+00
yras   = -9.313225746154785e-10 0.000000000000000e+00 -1.000000119209290e+00
zras   = -1.280568540096283e-09 1.000000119209290e+00 0.000000000000000e+00
cras   = 2.533851623535156e+00 5.104156494140625e+00 9.505264282226562e+00
dst volume info
valid = 1  # volume info valid
filename = /project/data/bids/derivatives/sourcedata/freesurfer/sub-p020/mri/norm.mgz
volume = 256 256 256
voxelsize = 1.000000000000000e+00 1.000000000000000e+00 1.000000000000000e+00
xras   = -1.000000119209290e+00 -6.984919309616089e-10 0.000000000000000e+00
yras   = -9.313225746154785e-10 0.000000000000000e+00 -1.000000119209290e+00
zras   = -1.280568540096283e-09 1.000000119209290e+00 0.000000000000000e+00
cras   = 2.533851623535156e+00 5.104156494140625e+00 9.505264282226562e+00
