# transform file transforms/talairach.lta
# created by robertdh on Sun Aug 13 20:48:16 2023

type      = 0 # LINEAR_VOX_TO_VOX
nxforms   = 1
mean      = 127.0000 135.0000 126.0000
sigma     = 10000.0000
1 4 4
9.988489151000977e-01 -1.098407153040171e-02 -3.242493607103825e-03 -1.109131932258606e+00 
6.929905153810978e-03 1.168973445892334e+00 3.022906184196472e-01 -6.993766784667969e+01 
-8.354827295988798e-04 -2.771221399307251e-01 9.949370026588440e-01 2.036651420593262e+01 
0.000000000000000e+00 0.000000000000000e+00 0.000000000000000e+00 1.000000000000000e+00 
src volume info
valid = 1  # volume info valid
filename = nu.mgz
volume = 256 256 256
voxelsize = 1.000000000000000e+00 1.000000000000000e+00 1.000000000000000e+00
xras   = -1.000000119209290e+00 -6.984919309616089e-10 0.000000000000000e+00
yras   = -9.313225746154785e-10 0.000000000000000e+00 -1.000000119209290e+00
zras   = -1.280568540096283e-09 1.000000119209290e+00 0.000000000000000e+00
cras   = 2.533851623535156e+00 5.104156494140625e+00 9.505264282226562e+00
dst volume info
valid = 1  # volume info valid
filename = /opt/freesurfer/average/RB_all_2020-01-02.gca
volume = 256 256 256
voxelsize = 1.000000000000000e+00 1.000000000000000e+00 1.000000000000000e+00
xras   = -1.000000000000000e+00 0.000000000000000e+00 0.000000000000000e+00
yras   = 0.000000000000000e+00 0.000000000000000e+00 -1.000000000000000e+00
zras   = 0.000000000000000e+00 1.000000000000000e+00 0.000000000000000e+00
cras   = 0.000000000000000e+00 0.000000000000000e+00 0.000000000000000e+00
