type      = 0 # LINEAR_VOX_TO_VOX
nxforms   = 1
mean      = 0.0000 0.0000 0.0000
sigma     = 1.0000
1 4 4
1.028720140457153e+00 -2.366800233721733e-02 -1.482300087809563e-02 -6.925506591796875e-01 
-1.871400140225887e-02 1.161388158798218e+00 2.257480323314667e-01 -5.457133483886719e+01 
2.905200421810150e-02 -2.731380164623260e-01 1.034583091735840e+00 1.134359741210938e+01 
0.000000000000000e+00 0.000000000000000e+00 0.000000000000000e+00 1.000000000000000e+00 
src volume info
valid = 1  # volume info valid
filename = /project/data/bids/derivatives/sourcedata/freesurfer/sub-p020/mri/orig.mgz
volume = 256 256 256
voxelsize = 1.000000000000000e+00 1.000000000000000e+00 1.000000000000000e+00
xras   = -1.000000119209290e+00 -6.984919309616089e-10 0.000000000000000e+00
yras   = -9.313225746154785e-10 0.000000000000000e+00 -1.000000119209290e+00
zras   = -1.280568540096283e-09 1.000000119209290e+00 0.000000000000000e+00
cras   = 2.533851623535156e+00 5.104156494140625e+00 9.505264282226562e+00
dst volume info
valid = 1  # volume info valid
filename = /opt/freesurfer/average/mni305.cor.mgz
volume = 256 256 256
voxelsize = 1.000000000000000e+00 1.000000000000000e+00 1.000000000000000e+00
xras   = -1.000000000000000e+00 0.000000000000000e+00 0.000000000000000e+00
yras   = 0.000000000000000e+00 0.000000000000000e+00 -1.000000000000000e+00
zras   = 0.000000000000000e+00 1.000000000000000e+00 0.000000000000000e+00
cras   = 0.000000000000000e+00 0.000000000000000e+00 0.000000000000000e+00
subject fsaverage
fscale 0.100000
