type      = 1 # LINEAR_RAS_TO_RAS
nxforms   = 1
mean      = 0.0000 0.0000 0.0000
sigma     = 1.0000
1 4 4
1.028720021247864e+00 1.482299994677305e-02 -2.366800047457218e-02 -5.140990018844604e-01 
-2.905200049281120e-02 1.034582972526550e+00 2.731379866600037e-01 -2.327608489990234e+01 
-1.871399953961372e-02 -2.257480025291443e-01 1.161388039588928e+00 -2.426346063613892e+00 
0.000000000000000e+00 0.000000000000000e+00 0.000000000000000e+00 1.000000000000000e+00 
src volume info
valid = 1  # volume info valid
filename = /project/data/bids/derivatives/sourcedata/freesurfer/sub-p020/mri/orig_nu.mgz
volume = 256 256 256
voxelsize = 1.000000000000000e+00 1.000000000000000e+00 1.000000000000000e+00
xras   = -1.000000119209290e+00 -6.984919309616089e-10 0.000000000000000e+00
yras   = -9.313225746154785e-10 0.000000000000000e+00 -1.000000119209290e+00
zras   = -1.280568540096283e-09 1.000000119209290e+00 0.000000000000000e+00
cras   = 2.533851623535156e+00 5.104156494140625e+00 9.505264282226562e+00
dst volume info
valid = 1  # volume info valid
filename = /opt/freesurfer/average/mni305.cor.mgz
volume = 256 256 256
voxelsize = 1.000000000000000e+00 1.000000000000000e+00 1.000000000000000e+00
xras   = -1.000000000000000e+00 0.000000000000000e+00 0.000000000000000e+00
yras   = 0.000000000000000e+00 0.000000000000000e+00 -1.000000000000000e+00
zras   = 0.000000000000000e+00 1.000000000000000e+00 0.000000000000000e+00
cras   = 0.000000000000000e+00 0.000000000000000e+00 0.000000000000000e+00
subject fsaverage
fscale 0.100000
