# transform file /project/data/bids/derivatives/sourcedata/freesurfer/sub-s011/mri/transforms/cc_up.lta
# created by robertdh on Mon Aug 14 07:17:15 2023

type      = 0 # LINEAR_VOX_TO_VOX
nxforms   = 1
mean      = 129.0000 136.0000 127.0000
sigma     = 10000.0000
1 4 4
9.999216198921204e-01 4.744252655655146e-03 1.159473881125450e-02 -1.762924313545227e+00 
-4.743933677673340e-03 9.999888539314270e-01 -5.500898623722605e-05 9.614291191101074e+00 
-1.159486919641495e-02 0.000000000000000e+00 9.999328851699829e-01 1.449042034149170e+01 
0.000000000000000e+00 0.000000000000000e+00 0.000000000000000e+00 1.000000000000000e+00 
src volume info
valid = 1  # volume info valid
filename = /project/data/bids/derivatives/sourcedata/freesurfer/sub-s011/mri/norm.mgz
volume = 256 256 256
voxelsize = 1.000000000000000e+00 1.000000000000000e+00 1.000000000000000e+00
xras   = -1.000000000000000e+00 5.820766091346741e-11 0.000000000000000e+00
yras   = 0.000000000000000e+00 1.490116119384766e-08 -1.000000000000000e+00
zras   = -4.074536263942719e-10 9.999999403953552e-01 0.000000000000000e+00
cras   = 6.673736572265625e-01 -2.002719879150391e+01 2.562052917480469e+01
dst volume info
valid = 1  # volume info valid
filename = /project/data/bids/derivatives/sourcedata/freesurfer/sub-s011/mri/norm.mgz
volume = 256 256 256
voxelsize = 1.000000000000000e+00 1.000000000000000e+00 1.000000000000000e+00
xras   = -1.000000000000000e+00 5.820766091346741e-11 0.000000000000000e+00
yras   = 0.000000000000000e+00 1.490116119384766e-08 -1.000000000000000e+00
zras   = -4.074536263942719e-10 9.999999403953552e-01 0.000000000000000e+00
cras   = 6.673736572265625e-01 -2.002719879150391e+01 2.562052917480469e+01
