# transform file transforms/talairach.lta
# created by robertdh on Mon Aug 14 05:57:03 2023

type      = 0 # LINEAR_VOX_TO_VOX
nxforms   = 1
mean      = 129.0000 137.0000 128.0000
sigma     = 10000.0000
1 4 4
1.017710804939270e+00 1.369818206876516e-02 5.109553784132004e-02 -1.212926387786865e+01 
-2.600828558206558e-02 1.182870388031006e+00 3.597940206527710e-01 -7.651358032226562e+01 
-4.888036102056503e-02 -2.778043746948242e-01 9.402683973312378e-01 3.289105224609375e+01 
0.000000000000000e+00 0.000000000000000e+00 0.000000000000000e+00 1.000000000000000e+00 
src volume info
valid = 1  # volume info valid
filename = nu.mgz
volume = 256 256 256
voxelsize = 1.000000000000000e+00 1.000000000000000e+00 1.000000000000000e+00
xras   = -1.000000000000000e+00 5.820766091346741e-11 0.000000000000000e+00
yras   = 0.000000000000000e+00 1.490116119384766e-08 -1.000000000000000e+00
zras   = -4.074536263942719e-10 9.999999403953552e-01 0.000000000000000e+00
cras   = 6.673736572265625e-01 -2.002719879150391e+01 2.562052917480469e+01
dst volume info
valid = 1  # volume info valid
filename = /opt/freesurfer/average/RB_all_2020-01-02.gca
volume = 256 256 256
voxelsize = 1.000000000000000e+00 1.000000000000000e+00 1.000000000000000e+00
xras   = -1.000000000000000e+00 0.000000000000000e+00 0.000000000000000e+00
yras   = 0.000000000000000e+00 0.000000000000000e+00 -1.000000000000000e+00
zras   = 0.000000000000000e+00 1.000000000000000e+00 0.000000000000000e+00
cras   = 0.000000000000000e+00 0.000000000000000e+00 0.000000000000000e+00
