# transform file /project/data/bids/derivatives/sourcedata/freesurfer/sub-s003/mri/transforms/cc_up.lta
# created by robertdh on Fri Aug 11 09:54:14 2023

type      = 0 # LINEAR_VOX_TO_VOX
nxforms   = 1
mean      = 130.0000 138.0000 127.0000
sigma     = 10000.0000
1 4 4
9.981407523155212e-01 9.140816517174244e-03 -6.026149168610573e-02 6.695400714874268e+00 
-9.124202653765678e-03 9.999582171440125e-01 5.508622853085399e-04 8.103809356689453e+00 
6.026400998234749e-02 -5.820766091346741e-11 9.981824159622192e-01 9.540747642517090e+00 
0.000000000000000e+00 0.000000000000000e+00 0.000000000000000e+00 1.000000000000000e+00 
src volume info
valid = 1  # volume info valid
filename = /project/data/bids/derivatives/sourcedata/freesurfer/sub-s003/mri/norm.mgz
volume = 256 256 256
voxelsize = 1.000000000000000e+00 1.000000000000000e+00 1.000000000000000e+00
xras   = -1.000000000000000e+00 6.984919309616089e-10 0.000000000000000e+00
yras   = 0.000000000000000e+00 -1.490116119384766e-08 -9.999999403953552e-01
zras   = 2.561137080192566e-09 9.999998807907104e-01 0.000000000000000e+00
cras   = 1.257392883300781e+00 -1.773522186279297e+01 5.646621704101562e+00
dst volume info
valid = 1  # volume info valid
filename = /project/data/bids/derivatives/sourcedata/freesurfer/sub-s003/mri/norm.mgz
volume = 256 256 256
voxelsize = 1.000000000000000e+00 1.000000000000000e+00 1.000000000000000e+00
xras   = -1.000000000000000e+00 6.984919309616089e-10 0.000000000000000e+00
yras   = 0.000000000000000e+00 -1.490116119384766e-08 -9.999999403953552e-01
zras   = 2.561137080192566e-09 9.999998807907104e-01 0.000000000000000e+00
cras   = 1.257392883300781e+00 -1.773522186279297e+01 5.646621704101562e+00
