# transform file transforms/talairach.lta
# created by robertdh on Fri Aug 11 08:09:39 2023

type      = 0 # LINEAR_VOX_TO_VOX
nxforms   = 1
mean      = 129.0000 138.0000 127.0000
sigma     = 10000.0000
1 4 4
1.034966588020325e+00 -4.176210612058640e-02 -6.530504673719406e-02 6.981064319610596e+00 
4.894685000181198e-02 1.132491111755371e+00 2.914372086524963e-01 -7.103385162353516e+01 
4.966899752616882e-02 -2.461819946765900e-01 9.655501842498779e-01 1.696759986877441e+01 
0.000000000000000e+00 0.000000000000000e+00 0.000000000000000e+00 1.000000000000000e+00 
src volume info
valid = 1  # volume info valid
filename = nu.mgz
volume = 256 256 256
voxelsize = 1.000000000000000e+00 1.000000000000000e+00 1.000000000000000e+00
xras   = -1.000000000000000e+00 6.984919309616089e-10 0.000000000000000e+00
yras   = 0.000000000000000e+00 -1.490116119384766e-08 -9.999999403953552e-01
zras   = 2.561137080192566e-09 9.999998807907104e-01 0.000000000000000e+00
cras   = 1.257392883300781e+00 -1.773522186279297e+01 5.646621704101562e+00
dst volume info
valid = 1  # volume info valid
filename = /opt/freesurfer/average/RB_all_2020-01-02.gca
volume = 256 256 256
voxelsize = 1.000000000000000e+00 1.000000000000000e+00 1.000000000000000e+00
xras   = -1.000000000000000e+00 0.000000000000000e+00 0.000000000000000e+00
yras   = 0.000000000000000e+00 0.000000000000000e+00 -1.000000000000000e+00
zras   = 0.000000000000000e+00 1.000000000000000e+00 0.000000000000000e+00
cras   = 0.000000000000000e+00 0.000000000000000e+00 0.000000000000000e+00
