type      = 0 # LINEAR_VOX_TO_VOX
nxforms   = 1
mean      = 0.0000 0.0000 0.0000
sigma     = 1.0000
1 4 4
1.039176940917969e+00 -3.605499491095543e-02 -4.995499551296234e-02 5.090629577636719e+00 
4.791099950671196e-02 1.083613872528076e+00 2.806759774684906e-01 -6.304374694824219e+01 
3.569399937987328e-02 -2.643039822578430e-01 9.742138981819153e-01 1.978559112548828e+01 
0.000000000000000e+00 0.000000000000000e+00 0.000000000000000e+00 1.000000000000000e+00 
src volume info
valid = 1  # volume info valid
filename = /project/data/bids/derivatives/sourcedata/freesurfer/sub-s003/mri/orig.mgz
volume = 256 256 256
voxelsize = 1.000000000000000e+00 1.000000000000000e+00 1.000000000000000e+00
xras   = -1.000000000000000e+00 6.984919309616089e-10 0.000000000000000e+00
yras   = 0.000000000000000e+00 -1.490116119384766e-08 -9.999999403953552e-01
zras   = 2.561137080192566e-09 9.999998807907104e-01 0.000000000000000e+00
cras   = 1.257392883300781e+00 -1.773522186279297e+01 5.646621704101562e+00
dst volume info
valid = 1  # volume info valid
filename = /opt/freesurfer/average/mni305.cor.mgz
volume = 256 256 256
voxelsize = 1.000000000000000e+00 1.000000000000000e+00 1.000000000000000e+00
xras   = -1.000000000000000e+00 0.000000000000000e+00 0.000000000000000e+00
yras   = 0.000000000000000e+00 0.000000000000000e+00 -1.000000000000000e+00
zras   = 0.000000000000000e+00 1.000000000000000e+00 0.000000000000000e+00
cras   = 0.000000000000000e+00 0.000000000000000e+00 0.000000000000000e+00
subject fsaverage
fscale 0.100000
