type      = 1 # LINEAR_RAS_TO_RAS
nxforms   = 1
mean      = 0.0000 0.0000 0.0000
sigma     = 1.0000
1 4 4
1.039176940917969e+00 4.995499923825264e-02 -3.605499863624573e-02 6.869130134582520e-01 
-3.569399937987328e-02 9.742140173912048e-01 2.643040120601654e-01 3.053246021270752e+00 
4.791099950671196e-02 -2.806760072708130e-01 1.083613991737366e+00 -8.748170137405396e-01 
0.000000000000000e+00 0.000000000000000e+00 0.000000000000000e+00 1.000000000000000e+00 
src volume info
valid = 1  # volume info valid
filename = /project/data/bids/derivatives/sourcedata/freesurfer/sub-s003/mri/orig_nu.mgz
volume = 256 256 256
voxelsize = 1.000000000000000e+00 1.000000000000000e+00 1.000000000000000e+00
xras   = -1.000000000000000e+00 6.984919309616089e-10 0.000000000000000e+00
yras   = 0.000000000000000e+00 -1.490116119384766e-08 -9.999999403953552e-01
zras   = 2.561137080192566e-09 9.999998807907104e-01 0.000000000000000e+00
cras   = 1.257392883300781e+00 -1.773522186279297e+01 5.646621704101562e+00
dst volume info
valid = 1  # volume info valid
filename = /opt/freesurfer/average/mni305.cor.mgz
volume = 256 256 256
voxelsize = 1.000000000000000e+00 1.000000000000000e+00 1.000000000000000e+00
xras   = -1.000000000000000e+00 0.000000000000000e+00 0.000000000000000e+00
yras   = 0.000000000000000e+00 0.000000000000000e+00 -1.000000000000000e+00
zras   = 0.000000000000000e+00 1.000000000000000e+00 0.000000000000000e+00
cras   = 0.000000000000000e+00 0.000000000000000e+00 0.000000000000000e+00
subject fsaverage
fscale 0.100000
