# transform file /project/data/bids/derivatives/sourcedata/freesurfer/sub-s020/mri/transforms/cc_up.lta
# created by robertdh on Mon Aug 14 00:25:09 2023

type      = 0 # LINEAR_VOX_TO_VOX
nxforms   = 1
mean      = 129.0000 133.0000 125.0000
sigma     = 10000.0000
1 4 4
9.981417655944824e-01 4.577976465225220e-02 -4.021408408880234e-02 2.830505669116974e-01 
-4.574265703558922e-02 9.989514946937561e-01 1.842923695221543e-03 1.673019790649414e+01 
4.025629162788391e-02 0.000000000000000e+00 9.991893768310547e-01 9.973368644714355e+00 
0.000000000000000e+00 0.000000000000000e+00 0.000000000000000e+00 1.000000000000000e+00 
src volume info
valid = 1  # volume info valid
filename = /project/data/bids/derivatives/sourcedata/freesurfer/sub-s020/mri/norm.mgz
volume = 256 256 256
voxelsize = 1.000000000000000e+00 1.000000000000000e+00 1.000000000000000e+00
xras   = -1.000000000000000e+00 3.259629011154175e-09 0.000000000000000e+00
yras   = 9.313225746154785e-10 1.490116119384766e-08 -1.000000000000000e+00
zras   = 2.328306436538696e-10 1.000000000000000e+00 -1.490116119384766e-08
cras   = -1.793251037597656e+00 -2.076215362548828e+01 2.544442749023438e+01
dst volume info
valid = 1  # volume info valid
filename = /project/data/bids/derivatives/sourcedata/freesurfer/sub-s020/mri/norm.mgz
volume = 256 256 256
voxelsize = 1.000000000000000e+00 1.000000000000000e+00 1.000000000000000e+00
xras   = -1.000000000000000e+00 3.259629011154175e-09 0.000000000000000e+00
yras   = 9.313225746154785e-10 1.490116119384766e-08 -1.000000000000000e+00
zras   = 2.328306436538696e-10 1.000000000000000e+00 -1.490116119384766e-08
cras   = -1.793251037597656e+00 -2.076215362548828e+01 2.544442749023438e+01
