# transform file transforms/talairach.lta
# created by robertdh on Sun Aug 13 22:51:30 2023

type      = 0 # LINEAR_VOX_TO_VOX
nxforms   = 1
mean      = 129.0000 134.0000 125.0000
sigma     = 10000.0000
1 4 4
1.053400158882141e+00 1.934130676090717e-02 -3.364253044128418e-02 -6.952677726745605e+00 
-8.724619634449482e-03 1.207906246185303e+00 4.247806370258331e-01 -8.472035217285156e+01 
3.559105098247528e-02 -3.685542941093445e-01 1.065286278724670e+00 2.057909774780273e+01 
0.000000000000000e+00 0.000000000000000e+00 0.000000000000000e+00 1.000000000000000e+00 
src volume info
valid = 1  # volume info valid
filename = nu.mgz
volume = 256 256 256
voxelsize = 1.000000000000000e+00 1.000000000000000e+00 1.000000000000000e+00
xras   = -1.000000000000000e+00 3.259629011154175e-09 0.000000000000000e+00
yras   = 9.313225746154785e-10 1.490116119384766e-08 -1.000000000000000e+00
zras   = 2.328306436538696e-10 1.000000000000000e+00 -1.490116119384766e-08
cras   = -1.793251037597656e+00 -2.076215362548828e+01 2.544442749023438e+01
dst volume info
valid = 1  # volume info valid
filename = /opt/freesurfer/average/RB_all_2020-01-02.gca
volume = 256 256 256
voxelsize = 1.000000000000000e+00 1.000000000000000e+00 1.000000000000000e+00
xras   = -1.000000000000000e+00 0.000000000000000e+00 0.000000000000000e+00
yras   = 0.000000000000000e+00 0.000000000000000e+00 -1.000000000000000e+00
zras   = 0.000000000000000e+00 1.000000000000000e+00 0.000000000000000e+00
cras   = 0.000000000000000e+00 0.000000000000000e+00 0.000000000000000e+00
