# transform file /project/data/bids/derivatives/sourcedata/freesurfer/sub-p019/mri/transforms/cc_up.lta
# created by robertdh on Sun Aug 13 20:28:03 2023

type      = 0 # LINEAR_VOX_TO_VOX
nxforms   = 1
mean      = 129.0000 136.0000 128.0000
sigma     = 10000.0000
1 4 4
9.917713403701782e-01 6.599172949790955e-02 1.097023263573647e-01 -2.058743286132812e+01 
-6.559168547391891e-02 9.978201389312744e-01 -7.255261763930321e-03 1.756481170654297e+01 
-1.099419891834259e-01 4.656612317965880e-10 9.939379692077637e-01 3.594109725952148e+01 
0.000000000000000e+00 0.000000000000000e+00 0.000000000000000e+00 1.000000000000000e+00 
src volume info
valid = 1  # volume info valid
filename = /project/data/bids/derivatives/sourcedata/freesurfer/sub-p019/mri/norm.mgz
volume = 256 256 256
voxelsize = 1.000000000000000e+00 1.000000000000000e+00 1.000000000000000e+00
xras   = -1.000000119209290e+00 2.793967723846436e-09 0.000000000000000e+00
yras   = -7.450580596923828e-09 0.000000000000000e+00 -1.000000000000000e+00
zras   = 4.656612873077393e-09 1.000000000000000e+00 7.450580596923828e-09
cras   = -2.518310546875000e+00 2.357498168945312e+00 1.914274597167969e+01
dst volume info
valid = 1  # volume info valid
filename = /project/data/bids/derivatives/sourcedata/freesurfer/sub-p019/mri/norm.mgz
volume = 256 256 256
voxelsize = 1.000000000000000e+00 1.000000000000000e+00 1.000000000000000e+00
xras   = -1.000000119209290e+00 2.793967723846436e-09 0.000000000000000e+00
yras   = -7.450580596923828e-09 0.000000000000000e+00 -1.000000000000000e+00
zras   = 4.656612873077393e-09 1.000000000000000e+00 7.450580596923828e-09
cras   = -2.518310546875000e+00 2.357498168945312e+00 1.914274597167969e+01
