# transform file transforms/talairach.lta
# created by robertdh on Sun Aug 13 18:39:14 2023

type      = 0 # LINEAR_VOX_TO_VOX
nxforms   = 1
mean      = 128.0000 137.0000 127.0000
sigma     = 10000.0000
1 4 4
1.013705492019653e+00 4.449020698666573e-02 1.059478446841240e-01 -2.213503074645996e+01 
-7.599073648452759e-02 1.237148880958557e+00 3.252909481525421e-01 -7.160969543457031e+01 
-9.297569096088409e-02 -2.700244486331940e-01 9.999481439590454e-01 3.140851783752441e+01 
0.000000000000000e+00 0.000000000000000e+00 0.000000000000000e+00 1.000000000000000e+00 
src volume info
valid = 1  # volume info valid
filename = nu.mgz
volume = 256 256 256
voxelsize = 1.000000000000000e+00 1.000000000000000e+00 1.000000000000000e+00
xras   = -1.000000119209290e+00 2.793967723846436e-09 0.000000000000000e+00
yras   = -7.450580596923828e-09 0.000000000000000e+00 -1.000000000000000e+00
zras   = 4.656612873077393e-09 1.000000000000000e+00 7.450580596923828e-09
cras   = -2.518310546875000e+00 2.357498168945312e+00 1.914274597167969e+01
dst volume info
valid = 1  # volume info valid
filename = /opt/freesurfer/average/RB_all_2020-01-02.gca
volume = 256 256 256
voxelsize = 1.000000000000000e+00 1.000000000000000e+00 1.000000000000000e+00
xras   = -1.000000000000000e+00 0.000000000000000e+00 0.000000000000000e+00
yras   = 0.000000000000000e+00 0.000000000000000e+00 -1.000000000000000e+00
zras   = 0.000000000000000e+00 1.000000000000000e+00 0.000000000000000e+00
cras   = 0.000000000000000e+00 0.000000000000000e+00 0.000000000000000e+00
