# transform file /project/data/bids/derivatives/sourcedata/freesurfer/sub-p006/mri/transforms/cc_up.lta
# created by robertdh on Sun Aug 13 04:31:51 2023

type      = 0 # LINEAR_VOX_TO_VOX
nxforms   = 1
mean      = 129.0000 135.0000 125.0000
sigma     = 10000.0000
1 4 4
9.990310668945312e-01 1.326837111264467e-02 4.196513071656227e-02 -7.306976795196533e+00 
-1.325668022036552e-02 9.999120235443115e-01 -5.568579072132707e-04 1.377198410034180e+01 
-4.196882247924805e-02 0.000000000000000e+00 9.991189837455750e-01 2.147875213623047e+01 
0.000000000000000e+00 0.000000000000000e+00 0.000000000000000e+00 1.000000000000000e+00 
src volume info
valid = 1  # volume info valid
filename = /project/data/bids/derivatives/sourcedata/freesurfer/sub-p006/mri/norm.mgz
volume = 256 256 256
voxelsize = 1.000000000000000e+00 1.000000000000000e+00 1.000000000000000e+00
xras   = -1.000000119209290e+00 -9.495124686509371e-10 1.164153218269348e-10
yras   = 0.000000000000000e+00 0.000000000000000e+00 -1.000000119209290e+00
zras   = -2.775777829810977e-09 1.000000119209290e+00 -1.862645149230957e-09
cras   = -1.235809326171875e-01 1.087941741943359e+01 1.663061523437500e+01
dst volume info
valid = 1  # volume info valid
filename = /project/data/bids/derivatives/sourcedata/freesurfer/sub-p006/mri/norm.mgz
volume = 256 256 256
voxelsize = 1.000000000000000e+00 1.000000000000000e+00 1.000000000000000e+00
xras   = -1.000000119209290e+00 -9.495124686509371e-10 1.164153218269348e-10
yras   = 0.000000000000000e+00 0.000000000000000e+00 -1.000000119209290e+00
zras   = -2.775777829810977e-09 1.000000119209290e+00 -1.862645149230957e-09
cras   = -1.235809326171875e-01 1.087941741943359e+01 1.663061523437500e+01
