# transform file transforms/talairach.lta
# created by robertdh on Sun Aug 13 02:39:36 2023

type      = 0 # LINEAR_VOX_TO_VOX
nxforms   = 1
mean      = 127.0000 134.0000 125.0000
sigma     = 10000.0000
1 4 4
1.016555786132812e+00 -9.114812128245831e-03 7.039075344800949e-02 -1.160747337341309e+01 
1.489888178184628e-03 1.180095314979553e+00 1.285399943590164e-01 -4.759413528442383e+01 
-6.832715868949890e-02 -1.150322258472443e-01 1.100489974021912e+00 -2.659771680831909e+00 
0.000000000000000e+00 0.000000000000000e+00 0.000000000000000e+00 1.000000000000000e+00 
src volume info
valid = 1  # volume info valid
filename = nu.mgz
volume = 256 256 256
voxelsize = 1.000000000000000e+00 1.000000000000000e+00 1.000000000000000e+00
xras   = -1.000000119209290e+00 -9.495124686509371e-10 1.164153218269348e-10
yras   = 0.000000000000000e+00 0.000000000000000e+00 -1.000000119209290e+00
zras   = -2.775777829810977e-09 1.000000119209290e+00 -1.862645149230957e-09
cras   = -1.235809326171875e-01 1.087941741943359e+01 1.663061523437500e+01
dst volume info
valid = 1  # volume info valid
filename = /opt/freesurfer/average/RB_all_2020-01-02.gca
volume = 256 256 256
voxelsize = 1.000000000000000e+00 1.000000000000000e+00 1.000000000000000e+00
xras   = -1.000000000000000e+00 0.000000000000000e+00 0.000000000000000e+00
yras   = 0.000000000000000e+00 0.000000000000000e+00 -1.000000000000000e+00
zras   = 0.000000000000000e+00 1.000000000000000e+00 0.000000000000000e+00
cras   = 0.000000000000000e+00 0.000000000000000e+00 0.000000000000000e+00
