# transform file /project/data/bids/derivatives/sourcedata/freesurfer/sub-p015/mri/transforms/cc_up.lta
# created by robertdh on Sun Aug 13 17:15:42 2023

type      = 0 # LINEAR_VOX_TO_VOX
nxforms   = 1
mean      = 129.0000 134.0000 124.0000
sigma     = 10000.0000
1 4 4
9.981375932693481e-01 -1.000228151679039e-02 6.017767637968063e-02 -5.511770248413086e+00 
9.984152391552925e-03 9.999499917030334e-01 6.019441643729806e-04 9.658662796020508e+00 
-6.018068641424179e-02 0.000000000000000e+00 9.981875419616699e-01 2.091156578063965e+01 
0.000000000000000e+00 0.000000000000000e+00 0.000000000000000e+00 1.000000000000000e+00 
src volume info
valid = 1  # volume info valid
filename = /project/data/bids/derivatives/sourcedata/freesurfer/sub-p015/mri/norm.mgz
volume = 256 256 256
voxelsize = 1.000000000000000e+00 1.000000000000000e+00 1.000000000000000e+00
xras   = -9.999998211860657e-01 -1.396983861923218e-09 9.313225746154785e-10
yras   = -4.656612873077393e-10 -1.490116119384766e-08 -9.999999403953552e-01
zras   = 1.513399183750153e-09 9.999998807907104e-01 -1.490116119384766e-08
cras   = -5.497589111328125e-01 8.396598815917969e+00 6.870437622070312e+00
dst volume info
valid = 1  # volume info valid
filename = /project/data/bids/derivatives/sourcedata/freesurfer/sub-p015/mri/norm.mgz
volume = 256 256 256
voxelsize = 1.000000000000000e+00 1.000000000000000e+00 1.000000000000000e+00
xras   = -9.999998211860657e-01 -1.396983861923218e-09 9.313225746154785e-10
yras   = -4.656612873077393e-10 -1.490116119384766e-08 -9.999999403953552e-01
zras   = 1.513399183750153e-09 9.999998807907104e-01 -1.490116119384766e-08
cras   = -5.497589111328125e-01 8.396598815917969e+00 6.870437622070312e+00
