# transform file transforms/talairach.lta
# created by robertdh on Sun Aug 13 15:50:49 2023

type      = 0 # LINEAR_VOX_TO_VOX
nxforms   = 1
mean      = 129.0000 135.0000 124.0000
sigma     = 10000.0000
1 4 4
1.013906717300415e+00 1.942537166178226e-02 6.977168470621109e-02 -1.447499847412109e+01 
-2.751775644719601e-02 1.146841883659363e+00 1.945482045412064e-01 -4.979170608520508e+01 
-6.521851569414139e-02 -2.292561680078506e-01 9.936268925666809e-01 2.364560127258301e+01 
0.000000000000000e+00 0.000000000000000e+00 0.000000000000000e+00 1.000000000000000e+00 
src volume info
valid = 1  # volume info valid
filename = nu.mgz
volume = 256 256 256
voxelsize = 1.000000000000000e+00 1.000000000000000e+00 1.000000000000000e+00
xras   = -9.999998211860657e-01 -1.396983861923218e-09 9.313225746154785e-10
yras   = -4.656612873077393e-10 -1.490116119384766e-08 -9.999999403953552e-01
zras   = 1.513399183750153e-09 9.999998807907104e-01 -1.490116119384766e-08
cras   = -5.497589111328125e-01 8.396598815917969e+00 6.870437622070312e+00
dst volume info
valid = 1  # volume info valid
filename = /opt/freesurfer/average/RB_all_2020-01-02.gca
volume = 256 256 256
voxelsize = 1.000000000000000e+00 1.000000000000000e+00 1.000000000000000e+00
xras   = -1.000000000000000e+00 0.000000000000000e+00 0.000000000000000e+00
yras   = 0.000000000000000e+00 0.000000000000000e+00 -1.000000000000000e+00
zras   = 0.000000000000000e+00 1.000000000000000e+00 0.000000000000000e+00
cras   = 0.000000000000000e+00 0.000000000000000e+00 0.000000000000000e+00
