type      = 1 # LINEAR_RAS_TO_RAS
nxforms   = 1
mean      = 0.0000 0.0000 0.0000
sigma     = 1.0000
1 4 4
1.022835016250610e+00 -6.164700165390968e-02 -2.325800061225891e-02 1.253082036972046e+00 
3.704600036144257e-02 1.075616002082825e+00 2.271450012922287e-01 -2.321125030517578e+01 
1.050100009888411e-02 -3.085820078849792e-01 1.214948058128357e+00 1.901595950126648e+00 
0.000000000000000e+00 0.000000000000000e+00 0.000000000000000e+00 1.000000000000000e+00 
src volume info
valid = 1  # volume info valid
filename = /project/data/bids/derivatives/sourcedata/freesurfer/sub-p015/mri/orig_nu.mgz
volume = 256 256 256
voxelsize = 1.000000000000000e+00 1.000000000000000e+00 1.000000000000000e+00
xras   = -9.999998211860657e-01 -1.396983861923218e-09 9.313225746154785e-10
yras   = -4.656612873077393e-10 -1.490116119384766e-08 -9.999999403953552e-01
zras   = 1.513399183750153e-09 9.999998807907104e-01 -1.490116119384766e-08
cras   = -5.497589111328125e-01 8.396598815917969e+00 6.870437622070312e+00
dst volume info
valid = 1  # volume info valid
filename = /opt/freesurfer/average/mni305.cor.mgz
volume = 256 256 256
voxelsize = 1.000000000000000e+00 1.000000000000000e+00 1.000000000000000e+00
xras   = -1.000000000000000e+00 0.000000000000000e+00 0.000000000000000e+00
yras   = 0.000000000000000e+00 0.000000000000000e+00 -1.000000000000000e+00
zras   = 0.000000000000000e+00 1.000000000000000e+00 0.000000000000000e+00
cras   = 0.000000000000000e+00 0.000000000000000e+00 0.000000000000000e+00
subject fsaverage
fscale 0.100000
