type      = 0 # LINEAR_VOX_TO_VOX
nxforms   = 1
mean      = 0.0000 0.0000 0.0000
sigma     = 1.0000
1 4 4
1.022834777832031e+00 -2.325799874961376e-02 6.164699420332909e-02 -7.850006103515625e+00 
1.050099730491638e-02 1.214947938919067e+00 3.085820078849792e-01 -7.600796508789062e+01 
-3.704599291086197e-02 -2.271450012922287e-01 1.075615882873535e+00 1.149810028076172e+01 
0.000000000000000e+00 0.000000000000000e+00 0.000000000000000e+00 1.000000000000000e+00 
src volume info
valid = 1  # volume info valid
filename = /project/data/bids/derivatives/sourcedata/freesurfer/sub-p015/mri/orig.mgz
volume = 256 256 256
voxelsize = 1.000000000000000e+00 1.000000000000000e+00 1.000000000000000e+00
xras   = -9.999998211860657e-01 -1.396983861923218e-09 9.313225746154785e-10
yras   = -4.656612873077393e-10 -1.490116119384766e-08 -9.999999403953552e-01
zras   = 1.513399183750153e-09 9.999998807907104e-01 -1.490116119384766e-08
cras   = -5.497589111328125e-01 8.396598815917969e+00 6.870437622070312e+00
dst volume info
valid = 1  # volume info valid
filename = /opt/freesurfer/average/mni305.cor.mgz
volume = 256 256 256
voxelsize = 1.000000000000000e+00 1.000000000000000e+00 1.000000000000000e+00
xras   = -1.000000000000000e+00 0.000000000000000e+00 0.000000000000000e+00
yras   = 0.000000000000000e+00 0.000000000000000e+00 -1.000000000000000e+00
zras   = 0.000000000000000e+00 1.000000000000000e+00 0.000000000000000e+00
cras   = 0.000000000000000e+00 0.000000000000000e+00 0.000000000000000e+00
subject fsaverage
fscale 0.100000
