# transform file /project/data/bids/derivatives/sourcedata/freesurfer/sub-s014/mri/transforms/cc_up.lta
# created by robertdh on Mon Aug 14 08:50:23 2023

type      = 0 # LINEAR_VOX_TO_VOX
nxforms   = 1
mean      = 129.0000 134.0000 127.0000
sigma     = 10000.0000
1 4 4
9.993811845779419e-01 1.676090294495225e-03 -3.513774648308754e-02 3.818549633026123e+00 
-1.675055245868862e-03 9.999986886978149e-01 5.889411113457754e-05 1.120797252655029e+01 
3.513779491186142e-02 0.000000000000000e+00 9.993825554847717e-01 1.157153129577637e+01 
0.000000000000000e+00 0.000000000000000e+00 0.000000000000000e+00 1.000000000000000e+00 
src volume info
valid = 1  # volume info valid
filename = /project/data/bids/derivatives/sourcedata/freesurfer/sub-s014/mri/norm.mgz
volume = 256 256 256
voxelsize = 1.000000000000000e+00 1.000000000000000e+00 1.000000000000000e+00
xras   = -1.000000000000000e+00 1.629814505577087e-09 1.862645149230957e-09
yras   = 0.000000000000000e+00 0.000000000000000e+00 -1.000000000000000e+00
zras   = -1.629814505577087e-09 9.999999403953552e-01 0.000000000000000e+00
cras   = 1.902030944824219e+00 -2.158203887939453e+01 -3.550521850585938e+00
dst volume info
valid = 1  # volume info valid
filename = /project/data/bids/derivatives/sourcedata/freesurfer/sub-s014/mri/norm.mgz
volume = 256 256 256
voxelsize = 1.000000000000000e+00 1.000000000000000e+00 1.000000000000000e+00
xras   = -1.000000000000000e+00 1.629814505577087e-09 1.862645149230957e-09
yras   = 0.000000000000000e+00 0.000000000000000e+00 -1.000000000000000e+00
zras   = -1.629814505577087e-09 9.999999403953552e-01 0.000000000000000e+00
cras   = 1.902030944824219e+00 -2.158203887939453e+01 -3.550521850585938e+00
