# transform file transforms/talairach.lta
# created by robertdh on Mon Aug 14 05:07:44 2023

type      = 0 # LINEAR_VOX_TO_VOX
nxforms   = 1
mean      = 128.0000 136.0000 126.0000
sigma     = 10000.0000
1 4 4
1.077719330787659e+00 -3.901752457022667e-02 -5.834054201841354e-02 -1.554587721824646e+00 
5.069343373179436e-02 1.092517495155334e+00 3.579854369163513e-01 -7.227755737304688e+01 
4.421334341168404e-02 -3.313123285770416e-01 9.820817112922668e-01 2.452005958557129e+01 
0.000000000000000e+00 0.000000000000000e+00 0.000000000000000e+00 1.000000000000000e+00 
src volume info
valid = 1  # volume info valid
filename = nu.mgz
volume = 256 256 256
voxelsize = 1.000000000000000e+00 1.000000000000000e+00 1.000000000000000e+00
xras   = -1.000000000000000e+00 1.629814505577087e-09 1.862645149230957e-09
yras   = 0.000000000000000e+00 0.000000000000000e+00 -1.000000000000000e+00
zras   = -1.629814505577087e-09 9.999999403953552e-01 0.000000000000000e+00
cras   = 1.902030944824219e+00 -2.158203887939453e+01 -3.550521850585938e+00
dst volume info
valid = 1  # volume info valid
filename = /opt/freesurfer/average/RB_all_2020-01-02.gca
volume = 256 256 256
voxelsize = 1.000000000000000e+00 1.000000000000000e+00 1.000000000000000e+00
xras   = -1.000000000000000e+00 0.000000000000000e+00 0.000000000000000e+00
yras   = 0.000000000000000e+00 0.000000000000000e+00 -1.000000000000000e+00
zras   = 0.000000000000000e+00 1.000000000000000e+00 0.000000000000000e+00
cras   = 0.000000000000000e+00 0.000000000000000e+00 0.000000000000000e+00
