# transform file /project/data/bids/derivatives/sourcedata/freesurfer/sub-p010/mri/transforms/cc_up.lta
# created by robertdh on Sun Aug 13 10:56:35 2023

type      = 0 # LINEAR_VOX_TO_VOX
nxforms   = 1
mean      = 129.0000 130.0000 127.0000
sigma     = 10000.0000
1 4 4
9.999036788940430e-01 1.193442102521658e-02 7.098638452589512e-03 -2.476415157318115e+00 
-1.193412020802498e-02 9.999288320541382e-01 -8.472416084259748e-05 1.954944229125977e+01 
-7.099143695086241e-03 0.000000000000000e+00 9.999749064445496e-01 3.913881063461304e+00 
0.000000000000000e+00 0.000000000000000e+00 0.000000000000000e+00 1.000000000000000e+00 
src volume info
valid = 1  # volume info valid
filename = /project/data/bids/derivatives/sourcedata/freesurfer/sub-p010/mri/norm.mgz
volume = 256 256 256
voxelsize = 1.000000000000000e+00 1.000000000000000e+00 1.000000000000000e+00
xras   = -1.000000000000000e+00 0.000000000000000e+00 0.000000000000000e+00
yras   = -1.862645149230957e-09 0.000000000000000e+00 -1.000000000000000e+00
zras   = 0.000000000000000e+00 1.000000000000000e+00 1.490116119384766e-08
cras   = 1.899848937988281e+00 2.545010375976562e+01 3.320720672607422e+01
dst volume info
valid = 1  # volume info valid
filename = /project/data/bids/derivatives/sourcedata/freesurfer/sub-p010/mri/norm.mgz
volume = 256 256 256
voxelsize = 1.000000000000000e+00 1.000000000000000e+00 1.000000000000000e+00
xras   = -1.000000000000000e+00 0.000000000000000e+00 0.000000000000000e+00
yras   = -1.862645149230957e-09 0.000000000000000e+00 -1.000000000000000e+00
zras   = 0.000000000000000e+00 1.000000000000000e+00 1.490116119384766e-08
cras   = 1.899848937988281e+00 2.545010375976562e+01 3.320720672607422e+01
