# transform file /project/data/bids/derivatives/sourcedata/freesurfer/sub-p014/mri/transforms/cc_up.lta
# created by robertdh on Sun Aug 13 16:44:50 2023

type      = 0 # LINEAR_VOX_TO_VOX
nxforms   = 1
mean      = 131.0000 136.0000 126.0000
sigma     = 10000.0000
1 4 4
9.995227456092834e-01 -3.010504506528378e-02 6.913149729371071e-03 1.689157485961914e+00 
3.010432422161102e-02 9.995466470718384e-01 2.082150749629363e-04 1.114444255828857e+01 
-6.916284561157227e-03 0.000000000000000e+00 9.999760389328003e-01 1.689488220214844e+01 
0.000000000000000e+00 0.000000000000000e+00 0.000000000000000e+00 1.000000000000000e+00 
src volume info
valid = 1  # volume info valid
filename = /project/data/bids/derivatives/sourcedata/freesurfer/sub-p014/mri/norm.mgz
volume = 256 256 256
voxelsize = 1.000000000000000e+00 1.000000000000000e+00 1.000000000000000e+00
xras   = -9.999998807907104e-01 -8.294591680169106e-10 0.000000000000000e+00
yras   = 1.164153218269348e-10 0.000000000000000e+00 -9.999998807907104e-01
zras   = -8.731149137020111e-11 9.999999403953552e-01 7.450580596923828e-09
cras   = -8.773040771484375e-02 7.886878967285156e+00 -2.294860839843750e+00
dst volume info
valid = 1  # volume info valid
filename = /project/data/bids/derivatives/sourcedata/freesurfer/sub-p014/mri/norm.mgz
volume = 256 256 256
voxelsize = 1.000000000000000e+00 1.000000000000000e+00 1.000000000000000e+00
xras   = -9.999998807907104e-01 -8.294591680169106e-10 0.000000000000000e+00
yras   = 1.164153218269348e-10 0.000000000000000e+00 -9.999998807907104e-01
zras   = -8.731149137020111e-11 9.999999403953552e-01 7.450580596923828e-09
cras   = -8.773040771484375e-02 7.886878967285156e+00 -2.294860839843750e+00
