# transform file transforms/talairach.lta
# created by robertdh on Sun Aug 13 15:14:13 2023

type      = 0 # LINEAR_VOX_TO_VOX
nxforms   = 1
mean      = 131.0000 136.0000 126.0000
sigma     = 10000.0000
1 4 4
9.790011644363403e-01 -7.570428401231766e-02 -3.726257942616940e-03 1.008689212799072e+01 
6.294208765029907e-02 1.062586903572083e+00 3.012801706790924e-01 -6.154568862915039e+01 
-1.705041714012623e-02 -2.692619562149048e-01 9.397509098052979e-01 3.083490371704102e+01 
0.000000000000000e+00 0.000000000000000e+00 0.000000000000000e+00 1.000000000000000e+00 
src volume info
valid = 1  # volume info valid
filename = nu.mgz
volume = 256 256 256
voxelsize = 1.000000000000000e+00 1.000000000000000e+00 1.000000000000000e+00
xras   = -9.999998807907104e-01 -8.294591680169106e-10 0.000000000000000e+00
yras   = 1.164153218269348e-10 0.000000000000000e+00 -9.999998807907104e-01
zras   = -8.731149137020111e-11 9.999999403953552e-01 7.450580596923828e-09
cras   = -8.773040771484375e-02 7.886878967285156e+00 -2.294860839843750e+00
dst volume info
valid = 1  # volume info valid
filename = /opt/freesurfer/average/RB_all_2020-01-02.gca
volume = 256 256 256
voxelsize = 1.000000000000000e+00 1.000000000000000e+00 1.000000000000000e+00
xras   = -1.000000000000000e+00 0.000000000000000e+00 0.000000000000000e+00
yras   = 0.000000000000000e+00 0.000000000000000e+00 -1.000000000000000e+00
zras   = 0.000000000000000e+00 1.000000000000000e+00 0.000000000000000e+00
cras   = 0.000000000000000e+00 0.000000000000000e+00 0.000000000000000e+00
