type      = 0 # LINEAR_VOX_TO_VOX
nxforms   = 1
mean      = 0.0000 0.0000 0.0000
sigma     = 1.0000
1 4 4
9.978678822517395e-01 -9.180999360978603e-03 7.438999600708485e-03 -7.252197265625000e-01 
1.028499938547611e-02 1.050636887550354e+00 2.839219570159912e-01 -5.106349182128906e+01 
-4.605699703097343e-02 -2.888669669628143e-01 9.521619677543640e-01 3.526153564453125e+01 
0.000000000000000e+00 0.000000000000000e+00 0.000000000000000e+00 1.000000000000000e+00 
src volume info
valid = 1  # volume info valid
filename = /project/data/bids/derivatives/sourcedata/freesurfer/sub-p014/mri/orig.mgz
volume = 256 256 256
voxelsize = 1.000000000000000e+00 1.000000000000000e+00 1.000000000000000e+00
xras   = -9.999998807907104e-01 -8.294591680169106e-10 0.000000000000000e+00
yras   = 1.164153218269348e-10 0.000000000000000e+00 -9.999998807907104e-01
zras   = -8.731149137020111e-11 9.999999403953552e-01 7.450580596923828e-09
cras   = -8.773040771484375e-02 7.886878967285156e+00 -2.294860839843750e+00
dst volume info
valid = 1  # volume info valid
filename = /opt/freesurfer/average/mni305.cor.mgz
volume = 256 256 256
voxelsize = 1.000000000000000e+00 1.000000000000000e+00 1.000000000000000e+00
xras   = -1.000000000000000e+00 0.000000000000000e+00 0.000000000000000e+00
yras   = 0.000000000000000e+00 0.000000000000000e+00 -1.000000000000000e+00
zras   = 0.000000000000000e+00 1.000000000000000e+00 0.000000000000000e+00
cras   = 0.000000000000000e+00 0.000000000000000e+00 0.000000000000000e+00
subject fsaverage
fscale 0.100000
