type      = 1 # LINEAR_RAS_TO_RAS
nxforms   = 1
mean      = 0.0000 0.0000 0.0000
sigma     = 1.0000
1 4 4
9.978680014610291e-01 -7.439000066369772e-03 -9.181000292301178e-03 1.346245050430298e+00 
4.605700075626373e-02 9.521620273590088e-01 2.888669967651367e-01 -2.057463073730469e+01 
1.028500031679869e-02 -2.839219868183136e-01 1.050637006759644e+00 1.157470703125000e+01 
0.000000000000000e+00 0.000000000000000e+00 0.000000000000000e+00 1.000000000000000e+00 
src volume info
valid = 1  # volume info valid
filename = /project/data/bids/derivatives/sourcedata/freesurfer/sub-p014/mri/orig_nu.mgz
volume = 256 256 256
voxelsize = 1.000000000000000e+00 1.000000000000000e+00 1.000000000000000e+00
xras   = -9.999998807907104e-01 -8.294591680169106e-10 0.000000000000000e+00
yras   = 1.164153218269348e-10 0.000000000000000e+00 -9.999998807907104e-01
zras   = -8.731149137020111e-11 9.999999403953552e-01 7.450580596923828e-09
cras   = -8.773040771484375e-02 7.886878967285156e+00 -2.294860839843750e+00
dst volume info
valid = 1  # volume info valid
filename = /opt/freesurfer/average/mni305.cor.mgz
volume = 256 256 256
voxelsize = 1.000000000000000e+00 1.000000000000000e+00 1.000000000000000e+00
xras   = -1.000000000000000e+00 0.000000000000000e+00 0.000000000000000e+00
yras   = 0.000000000000000e+00 0.000000000000000e+00 -1.000000000000000e+00
zras   = 0.000000000000000e+00 1.000000000000000e+00 0.000000000000000e+00
cras   = 0.000000000000000e+00 0.000000000000000e+00 0.000000000000000e+00
subject fsaverage
fscale 0.100000
