# transform file /project/data/bids/derivatives/sourcedata/freesurfer/sub-p022/mri/transforms/cc_up.lta
# created by robertdh on Sun Aug 13 23:24:17 2023

type      = 0 # LINEAR_VOX_TO_VOX
nxforms   = 1
mean      = 128.0000 137.0000 127.0000
sigma     = 10000.0000
1 4 4
9.995717406272888e-01 4.897966515272856e-03 -2.885085903108120e-02 3.136122465133667e+00 
-4.895927850157022e-03 9.999880194664001e-01 1.413122517988086e-04 1.161019039154053e+01 
2.885120548307896e-02 0.000000000000000e+00 9.995837211608887e-01 6.363384246826172e+00 
0.000000000000000e+00 0.000000000000000e+00 0.000000000000000e+00 1.000000000000000e+00 
src volume info
valid = 1  # volume info valid
filename = /project/data/bids/derivatives/sourcedata/freesurfer/sub-p022/mri/norm.mgz
volume = 256 256 256
voxelsize = 1.000000000000000e+00 1.000000000000000e+00 1.000000000000000e+00
xras   = -1.000000000000000e+00 1.746229827404022e-09 9.313225746154785e-10
yras   = 0.000000000000000e+00 1.490116119384766e-08 -1.000000119209290e+00
zras   = 1.979060471057892e-09 9.999999403953552e-01 0.000000000000000e+00
cras   = 8.485565185546875e-01 6.136505126953125e+00 6.606765747070312e+00
dst volume info
valid = 1  # volume info valid
filename = /project/data/bids/derivatives/sourcedata/freesurfer/sub-p022/mri/norm.mgz
volume = 256 256 256
voxelsize = 1.000000000000000e+00 1.000000000000000e+00 1.000000000000000e+00
xras   = -1.000000000000000e+00 1.746229827404022e-09 9.313225746154785e-10
yras   = 0.000000000000000e+00 1.490116119384766e-08 -1.000000119209290e+00
zras   = 1.979060471057892e-09 9.999999403953552e-01 0.000000000000000e+00
cras   = 8.485565185546875e-01 6.136505126953125e+00 6.606765747070312e+00
