# transform file transforms/talairach.lta
# created by robertdh on Sun Aug 13 22:12:03 2023

type      = 0 # LINEAR_VOX_TO_VOX
nxforms   = 1
mean      = 129.0000 138.0000 127.0000
sigma     = 10000.0000
1 4 4
1.035977005958557e+00 5.894716829061508e-03 -2.169110253453255e-02 -4.320215225219727e+00 
-2.877553633879870e-04 1.152157187461853e+00 3.005717992782593e-01 -6.804804229736328e+01 
2.676980942487717e-02 -2.401801049709320e-01 9.340897798538208e-01 2.148283576965332e+01 
0.000000000000000e+00 0.000000000000000e+00 0.000000000000000e+00 1.000000000000000e+00 
src volume info
valid = 1  # volume info valid
filename = nu.mgz
volume = 256 256 256
voxelsize = 1.000000000000000e+00 1.000000000000000e+00 1.000000000000000e+00
xras   = -1.000000000000000e+00 1.746229827404022e-09 9.313225746154785e-10
yras   = 0.000000000000000e+00 1.490116119384766e-08 -1.000000119209290e+00
zras   = 1.979060471057892e-09 9.999999403953552e-01 0.000000000000000e+00
cras   = 8.485565185546875e-01 6.136505126953125e+00 6.606765747070312e+00
dst volume info
valid = 1  # volume info valid
filename = /opt/freesurfer/average/RB_all_2020-01-02.gca
volume = 256 256 256
voxelsize = 1.000000000000000e+00 1.000000000000000e+00 1.000000000000000e+00
xras   = -1.000000000000000e+00 0.000000000000000e+00 0.000000000000000e+00
yras   = 0.000000000000000e+00 0.000000000000000e+00 -1.000000000000000e+00
zras   = 0.000000000000000e+00 1.000000000000000e+00 0.000000000000000e+00
cras   = 0.000000000000000e+00 0.000000000000000e+00 0.000000000000000e+00
