# transform file /project/data/bids/derivatives/sourcedata/freesurfer/sub-s004/mri/transforms/cc_up.lta
# created by robertdh on Mon Aug 14 09:59:37 2023

type      = 0 # LINEAR_VOX_TO_VOX
nxforms   = 1
mean      = 128.0000 132.0000 126.0000
sigma     = 10000.0000
1 4 4
9.992347955703735e-01 -3.060715645551682e-02 -2.435195259749889e-02 5.448946952819824e+00 
3.059807047247887e-02 9.995315074920654e-01 -7.456933963112533e-04 1.219480609893799e+01 
2.436336688697338e-02 0.000000000000000e+00 9.997031688690186e-01 4.892742633819580e+00 
0.000000000000000e+00 0.000000000000000e+00 0.000000000000000e+00 1.000000000000000e+00 
src volume info
valid = 1  # volume info valid
filename = /project/data/bids/derivatives/sourcedata/freesurfer/sub-s004/mri/norm.mgz
volume = 256 256 256
voxelsize = 1.000000000000000e+00 1.000000000000000e+00 1.000000000000000e+00
xras   = -1.000000000000000e+00 1.404259819537401e-09 2.328306436538696e-10
yras   = 0.000000000000000e+00 0.000000000000000e+00 -1.000000000000000e+00
zras   = 2.321030478924513e-09 1.000000000000000e+00 0.000000000000000e+00
cras   = 2.055366516113281e+00 -2.131471252441406e+01 1.172698974609375e+01
dst volume info
valid = 1  # volume info valid
filename = /project/data/bids/derivatives/sourcedata/freesurfer/sub-s004/mri/norm.mgz
volume = 256 256 256
voxelsize = 1.000000000000000e+00 1.000000000000000e+00 1.000000000000000e+00
xras   = -1.000000000000000e+00 1.404259819537401e-09 2.328306436538696e-10
yras   = 0.000000000000000e+00 0.000000000000000e+00 -1.000000000000000e+00
zras   = 2.321030478924513e-09 1.000000000000000e+00 0.000000000000000e+00
cras   = 2.055366516113281e+00 -2.131471252441406e+01 1.172698974609375e+01
