# transform file transforms/talairach.lta
# created by robertdh on Mon Aug 14 08:23:14 2023

type      = 0 # LINEAR_VOX_TO_VOX
nxforms   = 1
mean      = 128.0000 133.0000 126.0000
sigma     = 10000.0000
1 4 4
1.015036106109619e+00 -1.682450808584690e-02 -1.814758963882923e-02 -2.552366256713867e-02 
1.651824638247490e-02 1.128540635108948e+00 1.672363877296448e-01 -4.808020401000977e+01 
1.793203130364418e-02 -1.133476793766022e-01 1.017510175704956e+00 -5.543263435363770e+00 
0.000000000000000e+00 0.000000000000000e+00 0.000000000000000e+00 1.000000000000000e+00 
src volume info
valid = 1  # volume info valid
filename = nu.mgz
volume = 256 256 256
voxelsize = 1.000000000000000e+00 1.000000000000000e+00 1.000000000000000e+00
xras   = -1.000000000000000e+00 1.404259819537401e-09 2.328306436538696e-10
yras   = 0.000000000000000e+00 0.000000000000000e+00 -1.000000000000000e+00
zras   = 2.321030478924513e-09 1.000000000000000e+00 0.000000000000000e+00
cras   = 2.055366516113281e+00 -2.131471252441406e+01 1.172698974609375e+01
dst volume info
valid = 1  # volume info valid
filename = /opt/freesurfer/average/RB_all_2020-01-02.gca
volume = 256 256 256
voxelsize = 1.000000000000000e+00 1.000000000000000e+00 1.000000000000000e+00
xras   = -1.000000000000000e+00 0.000000000000000e+00 0.000000000000000e+00
yras   = 0.000000000000000e+00 0.000000000000000e+00 -1.000000000000000e+00
zras   = 0.000000000000000e+00 1.000000000000000e+00 0.000000000000000e+00
cras   = 0.000000000000000e+00 0.000000000000000e+00 0.000000000000000e+00
