# transform file /project/data/bids/derivatives/sourcedata/freesurfer/sub-p007/mri/transforms/cc_up.lta
# created by robertdh on Sun Aug 13 07:52:03 2023

type      = 0 # LINEAR_VOX_TO_VOX
nxforms   = 1
mean      = 129.0000 135.0000 123.0000
sigma     = 10000.0000
1 4 4
9.982544779777527e-01 3.351911902427673e-02 4.862775653600693e-02 -9.963459014892578e+00 
-3.347942233085632e-02 9.994382262229919e-01 -1.630875864066184e-03 1.656179618835449e+01 
-4.865509644150734e-02 -1.164153357047226e-10 9.988156557083130e-01 2.540559959411621e+01 
0.000000000000000e+00 0.000000000000000e+00 0.000000000000000e+00 1.000000000000000e+00 
src volume info
valid = 1  # volume info valid
filename = /project/data/bids/derivatives/sourcedata/freesurfer/sub-p007/mri/norm.mgz
volume = 256 256 256
voxelsize = 1.000000000000000e+00 1.000000000000000e+00 1.000000000000000e+00
xras   = -1.000000000000000e+00 2.328306436538696e-10 -1.862645149230957e-09
yras   = 0.000000000000000e+00 0.000000000000000e+00 -9.999999403953552e-01
zras   = 3.725290298461914e-09 9.999999403953552e-01 0.000000000000000e+00
cras   = -5.589675903320312e-01 7.817390441894531e+00 5.416915893554688e+00
dst volume info
valid = 1  # volume info valid
filename = /project/data/bids/derivatives/sourcedata/freesurfer/sub-p007/mri/norm.mgz
volume = 256 256 256
voxelsize = 1.000000000000000e+00 1.000000000000000e+00 1.000000000000000e+00
xras   = -1.000000000000000e+00 2.328306436538696e-10 -1.862645149230957e-09
yras   = 0.000000000000000e+00 0.000000000000000e+00 -9.999999403953552e-01
zras   = 3.725290298461914e-09 9.999999403953552e-01 0.000000000000000e+00
cras   = -5.589675903320312e-01 7.817390441894531e+00 5.416915893554688e+00
