# transform file transforms/talairach.lta
# created by robertdh on Sun Aug 13 05:59:55 2023

type      = 0 # LINEAR_VOX_TO_VOX
nxforms   = 1
mean      = 129.0000 135.0000 123.0000
sigma     = 10000.0000
1 4 4
1.064979553222656e+00 1.984433457255363e-02 3.759973496198654e-02 -1.693735122680664e+01 
-2.586737833917141e-02 1.157935500144958e+00 2.905619740486145e-01 -5.991237258911133e+01 
-3.634843975305557e-02 -2.607745230197906e-01 9.644415378570557e-01 3.139020538330078e+01 
0.000000000000000e+00 0.000000000000000e+00 0.000000000000000e+00 1.000000000000000e+00 
src volume info
valid = 1  # volume info valid
filename = nu.mgz
volume = 256 256 256
voxelsize = 1.000000000000000e+00 1.000000000000000e+00 1.000000000000000e+00
xras   = -1.000000000000000e+00 2.328306436538696e-10 -1.862645149230957e-09
yras   = 0.000000000000000e+00 0.000000000000000e+00 -9.999999403953552e-01
zras   = 3.725290298461914e-09 9.999999403953552e-01 0.000000000000000e+00
cras   = -5.589675903320312e-01 7.817390441894531e+00 5.416915893554688e+00
dst volume info
valid = 1  # volume info valid
filename = /opt/freesurfer/average/RB_all_2020-01-02.gca
volume = 256 256 256
voxelsize = 1.000000000000000e+00 1.000000000000000e+00 1.000000000000000e+00
xras   = -1.000000000000000e+00 0.000000000000000e+00 0.000000000000000e+00
yras   = 0.000000000000000e+00 0.000000000000000e+00 -1.000000000000000e+00
zras   = 0.000000000000000e+00 1.000000000000000e+00 0.000000000000000e+00
cras   = 0.000000000000000e+00 0.000000000000000e+00 0.000000000000000e+00
