# transform file /project/data/bids/derivatives/sourcedata/freesurfer/sub-s006/mri/transforms/cc_up.lta
# created by robertdh on Mon Aug 14 08:21:34 2023

type      = 0 # LINEAR_VOX_TO_VOX
nxforms   = 1
mean      = 127.0000 137.0000 129.0000
sigma     = 10000.0000
1 4 4
9.977986216545105e-01 6.053062900900841e-02 -2.709411084651947e-02 -4.782579421997070e+00 
-6.050832569599152e-02 9.981664419174194e-01 1.643036259338260e-03 1.583173751831055e+01 
2.714388258755207e-02 0.000000000000000e+00 9.996315836906433e-01 6.541917800903320e+00 
0.000000000000000e+00 0.000000000000000e+00 0.000000000000000e+00 1.000000000000000e+00 
src volume info
valid = 1  # volume info valid
filename = /project/data/bids/derivatives/sourcedata/freesurfer/sub-s006/mri/norm.mgz
volume = 256 256 256
voxelsize = 1.000000000000000e+00 1.000000000000000e+00 1.000000000000000e+00
xras   = -1.000000000000000e+00 3.725290298461914e-09 0.000000000000000e+00
yras   = -3.725290298461914e-09 0.000000000000000e+00 -9.999999403953552e-01
zras   = 1.862645149230957e-09 9.999999403953552e-01 -2.980232238769531e-08
cras   = -3.290107727050781e+00 -2.559843444824219e+01 -1.809107971191406e+01
dst volume info
valid = 1  # volume info valid
filename = /project/data/bids/derivatives/sourcedata/freesurfer/sub-s006/mri/norm.mgz
volume = 256 256 256
voxelsize = 1.000000000000000e+00 1.000000000000000e+00 1.000000000000000e+00
xras   = -1.000000000000000e+00 3.725290298461914e-09 0.000000000000000e+00
yras   = -3.725290298461914e-09 0.000000000000000e+00 -9.999999403953552e-01
zras   = 1.862645149230957e-09 9.999999403953552e-01 -2.980232238769531e-08
cras   = -3.290107727050781e+00 -2.559843444824219e+01 -1.809107971191406e+01
