# transform file transforms/talairach.lta
# created by robertdh on Mon Aug 14 06:59:29 2023

type      = 0 # LINEAR_VOX_TO_VOX
nxforms   = 1
mean      = 127.0000 139.0000 129.0000
sigma     = 10000.0000
1 4 4
1.009002327919006e+00 9.932806342840195e-02 -5.078883375972509e-03 -1.637500572204590e+01 
-7.657595723867416e-02 1.082301735877991e+00 4.722622036933899e-01 -7.285752105712891e+01 
5.468409135937691e-02 -4.747489988803864e-01 9.502857923507690e-01 4.386305999755859e+01 
0.000000000000000e+00 0.000000000000000e+00 0.000000000000000e+00 1.000000000000000e+00 
src volume info
valid = 1  # volume info valid
filename = nu.mgz
volume = 256 256 256
voxelsize = 1.000000000000000e+00 1.000000000000000e+00 1.000000000000000e+00
xras   = -1.000000000000000e+00 3.725290298461914e-09 0.000000000000000e+00
yras   = -3.725290298461914e-09 0.000000000000000e+00 -9.999999403953552e-01
zras   = 1.862645149230957e-09 9.999999403953552e-01 -2.980232238769531e-08
cras   = -3.290107727050781e+00 -2.559843444824219e+01 -1.809107971191406e+01
dst volume info
valid = 1  # volume info valid
filename = /opt/freesurfer/average/RB_all_2020-01-02.gca
volume = 256 256 256
voxelsize = 1.000000000000000e+00 1.000000000000000e+00 1.000000000000000e+00
xras   = -1.000000000000000e+00 0.000000000000000e+00 0.000000000000000e+00
yras   = 0.000000000000000e+00 0.000000000000000e+00 -1.000000000000000e+00
zras   = 0.000000000000000e+00 1.000000000000000e+00 0.000000000000000e+00
cras   = 0.000000000000000e+00 0.000000000000000e+00 0.000000000000000e+00
