# transform file /project/data/bids/derivatives/sourcedata/freesurfer/sub-p008/mri/transforms/cc_up.lta
# created by robertdh on Sun Aug 13 07:48:47 2023

type      = 0 # LINEAR_VOX_TO_VOX
nxforms   = 1
mean      = 130.0000 137.0000 127.0000
sigma     = 10000.0000
1 4 4
9.995045065879822e-01 -6.854266393929720e-03 3.072093427181244e-02 -4.676703453063965e+00 
6.851030979305506e-03 9.999765157699585e-01 2.105744060827419e-04 7.087755680084229e+00 
-3.072165697813034e-02 0.000000000000000e+00 9.995279908180237e-01 1.604857444763184e+01 
0.000000000000000e+00 0.000000000000000e+00 0.000000000000000e+00 1.000000000000000e+00 
src volume info
valid = 1  # volume info valid
filename = /project/data/bids/derivatives/sourcedata/freesurfer/sub-p008/mri/norm.mgz
volume = 256 256 256
voxelsize = 1.000000000000000e+00 1.000000000000000e+00 1.000000000000000e+00
xras   = -1.000000119209290e+00 4.656612873077393e-10 0.000000000000000e+00
yras   = 0.000000000000000e+00 -1.490116119384766e-08 -1.000000119209290e+00
zras   = -4.656612873077393e-10 1.000000119209290e+00 -1.490116119384766e-08
cras   = 1.259841918945312e-01 7.964752197265625e+00 -1.120816040039062e+01
dst volume info
valid = 1  # volume info valid
filename = /project/data/bids/derivatives/sourcedata/freesurfer/sub-p008/mri/norm.mgz
volume = 256 256 256
voxelsize = 1.000000000000000e+00 1.000000000000000e+00 1.000000000000000e+00
xras   = -1.000000119209290e+00 4.656612873077393e-10 0.000000000000000e+00
yras   = 0.000000000000000e+00 -1.490116119384766e-08 -1.000000119209290e+00
zras   = -4.656612873077393e-10 1.000000119209290e+00 -1.490116119384766e-08
cras   = 1.259841918945312e-01 7.964752197265625e+00 -1.120816040039062e+01
