type      = 1 # LINEAR_RAS_TO_RAS
nxforms   = 1
mean      = 0.0000 0.0000 0.0000
sigma     = 1.0000
1 4 4
1.043763041496277e+00 -3.043399937450886e-02 1.733699999749660e-02 2.153930902481079e+00 
5.910000181756914e-04 9.811310172080994e-01 3.758080005645752e-01 -1.689366149902344e+01 
-5.083499848842621e-02 -3.835020065307617e-01 1.046777963638306e+00 2.534349060058594e+01 
0.000000000000000e+00 0.000000000000000e+00 0.000000000000000e+00 1.000000000000000e+00 
src volume info
valid = 1  # volume info valid
filename = /project/data/bids/derivatives/sourcedata/freesurfer/sub-p008/mri/orig_nu.mgz
volume = 256 256 256
voxelsize = 1.000000000000000e+00 1.000000000000000e+00 1.000000000000000e+00
xras   = -1.000000119209290e+00 4.656612873077393e-10 0.000000000000000e+00
yras   = 0.000000000000000e+00 -1.490116119384766e-08 -1.000000119209290e+00
zras   = -4.656612873077393e-10 1.000000119209290e+00 -1.490116119384766e-08
cras   = 1.259841918945312e-01 7.964752197265625e+00 -1.120816040039062e+01
dst volume info
valid = 1  # volume info valid
filename = /opt/freesurfer/average/mni305.cor.mgz
volume = 256 256 256
voxelsize = 1.000000000000000e+00 1.000000000000000e+00 1.000000000000000e+00
xras   = -1.000000000000000e+00 0.000000000000000e+00 0.000000000000000e+00
yras   = 0.000000000000000e+00 0.000000000000000e+00 -1.000000000000000e+00
zras   = 0.000000000000000e+00 1.000000000000000e+00 0.000000000000000e+00
cras   = 0.000000000000000e+00 0.000000000000000e+00 0.000000000000000e+00
subject fsaverage
fscale 0.100000
