# transform file transforms/talairach.lta
# created by robertdh on Sun Aug 13 06:14:01 2023

type      = 0 # LINEAR_VOX_TO_VOX
nxforms   = 1
mean      = 130.0000 139.0000 127.0000
sigma     = 10000.0000
1 4 4
1.034157514572144e+00 3.255541995167732e-02 4.064675047993660e-02 -1.676392364501953e+01 
-2.797585725784302e-02 1.096085071563721e+00 3.819983303546906e-01 -6.812728881835938e+01 
-2.725317887961864e-02 -3.437651097774506e-01 9.236767888069153e-01 4.330062103271484e+01 
0.000000000000000e+00 0.000000000000000e+00 0.000000000000000e+00 1.000000000000000e+00 
src volume info
valid = 1  # volume info valid
filename = nu.mgz
volume = 256 256 256
voxelsize = 1.000000000000000e+00 1.000000000000000e+00 1.000000000000000e+00
xras   = -1.000000119209290e+00 4.656612873077393e-10 0.000000000000000e+00
yras   = 0.000000000000000e+00 -1.490116119384766e-08 -1.000000119209290e+00
zras   = -4.656612873077393e-10 1.000000119209290e+00 -1.490116119384766e-08
cras   = 1.259841918945312e-01 7.964752197265625e+00 -1.120816040039062e+01
dst volume info
valid = 1  # volume info valid
filename = /opt/freesurfer/average/RB_all_2020-01-02.gca
volume = 256 256 256
voxelsize = 1.000000000000000e+00 1.000000000000000e+00 1.000000000000000e+00
xras   = -1.000000000000000e+00 0.000000000000000e+00 0.000000000000000e+00
yras   = 0.000000000000000e+00 0.000000000000000e+00 -1.000000000000000e+00
zras   = 0.000000000000000e+00 1.000000000000000e+00 0.000000000000000e+00
cras   = 0.000000000000000e+00 0.000000000000000e+00 0.000000000000000e+00
