# transform file /project/data/bids/derivatives/sourcedata/freesurfer/sub-s012/mri/transforms/cc_up.lta
# created by robertdh on Thu Aug 10 16:17:30 2023

type      = 0 # LINEAR_VOX_TO_VOX
nxforms   = 1
mean      = 128.0000 135.0000 128.0000
sigma     = 10000.0000
1 4 4
9.984345436096191e-01 3.782008960843086e-02 -4.120500385761261e-02 5.116220116615295e-01 
-3.778792172670364e-02 9.992844462394714e-01 1.559492549858987e-03 1.874345016479492e+01 
4.123450443148613e-02 1.164153079491470e-10 9.991493821144104e-01 -2.193501234054565e+00 
0.000000000000000e+00 0.000000000000000e+00 0.000000000000000e+00 1.000000000000000e+00 
src volume info
valid = 1  # volume info valid
filename = /project/data/bids/derivatives/sourcedata/freesurfer/sub-s012/mri/norm.mgz
volume = 256 256 256
voxelsize = 1.000000000000000e+00 1.000000000000000e+00 1.000000000000000e+00
xras   = -1.000000000000000e+00 1.455191522836685e-10 0.000000000000000e+00
yras   = 0.000000000000000e+00 0.000000000000000e+00 -1.000000000000000e+00
zras   = -1.455191522836685e-10 1.000000000000000e+00 0.000000000000000e+00
cras   = -1.485443115234375e-01 5.709838867187500e-02 1.211079406738281e+01
dst volume info
valid = 1  # volume info valid
filename = /project/data/bids/derivatives/sourcedata/freesurfer/sub-s012/mri/norm.mgz
volume = 256 256 256
voxelsize = 1.000000000000000e+00 1.000000000000000e+00 1.000000000000000e+00
xras   = -1.000000000000000e+00 1.455191522836685e-10 0.000000000000000e+00
yras   = 0.000000000000000e+00 0.000000000000000e+00 -1.000000000000000e+00
zras   = -1.455191522836685e-10 1.000000000000000e+00 0.000000000000000e+00
cras   = -1.485443115234375e-01 5.709838867187500e-02 1.211079406738281e+01
