# transform file transforms/talairach.lta
# created by robertdh on Thu Aug 10 14:13:55 2023

type      = 0 # LINEAR_VOX_TO_VOX
nxforms   = 1
mean      = 128.0000 135.0000 128.0000
sigma     = 10000.0000
1 4 4
1.038244962692261e+00 2.674916386604309e-02 -6.082903593778610e-02 -2.511584281921387e+00 
-1.704953424632549e-02 1.202404022216797e+00 1.801037639379501e-01 -5.671005630493164e+01 
6.949827075004578e-02 -1.112564727663994e-01 9.933165907859802e-01 -1.066859626770020e+01 
0.000000000000000e+00 0.000000000000000e+00 0.000000000000000e+00 1.000000000000000e+00 
src volume info
valid = 1  # volume info valid
filename = nu.mgz
volume = 256 256 256
voxelsize = 1.000000000000000e+00 1.000000000000000e+00 1.000000000000000e+00
xras   = -1.000000000000000e+00 1.455191522836685e-10 0.000000000000000e+00
yras   = 0.000000000000000e+00 0.000000000000000e+00 -1.000000000000000e+00
zras   = -1.455191522836685e-10 1.000000000000000e+00 0.000000000000000e+00
cras   = -1.485443115234375e-01 5.709838867187500e-02 1.211079406738281e+01
dst volume info
valid = 1  # volume info valid
filename = /opt/freesurfer/average/RB_all_2020-01-02.gca
volume = 256 256 256
voxelsize = 1.000000000000000e+00 1.000000000000000e+00 1.000000000000000e+00
xras   = -1.000000000000000e+00 0.000000000000000e+00 0.000000000000000e+00
yras   = 0.000000000000000e+00 0.000000000000000e+00 -1.000000000000000e+00
zras   = 0.000000000000000e+00 1.000000000000000e+00 0.000000000000000e+00
cras   = 0.000000000000000e+00 0.000000000000000e+00 0.000000000000000e+00
