# transform file /project/data/bids/derivatives/sourcedata/freesurfer/sub-s018/mri/transforms/cc_up.lta
# created by robertdh on Mon Aug 14 01:20:13 2023

type      = 0 # LINEAR_VOX_TO_VOX
nxforms   = 1
mean      = 128.0000 133.0000 126.0000
sigma     = 10000.0000
1 4 4
9.886592626571655e-01 1.491735279560089e-01 -1.731696352362633e-02 -1.380912876129150e+01 
-1.491506546735764e-01 9.888108968734741e-01 2.612463664263487e-03 3.208092117309570e+01 
1.751291379332542e-02 0.000000000000000e+00 9.998465180397034e-01 7.776439189910889e+00 
0.000000000000000e+00 0.000000000000000e+00 0.000000000000000e+00 1.000000000000000e+00 
src volume info
valid = 1  # volume info valid
filename = /project/data/bids/derivatives/sourcedata/freesurfer/sub-s018/mri/norm.mgz
volume = 256 256 256
voxelsize = 1.000000000000000e+00 1.000000000000000e+00 1.000000000000000e+00
xras   = -1.000000000000000e+00 4.656612873077393e-10 0.000000000000000e+00
yras   = 7.450580596923828e-09 0.000000000000000e+00 -1.000000000000000e+00
zras   = -4.656612873077393e-10 1.000000119209290e+00 -3.725290298461914e-09
cras   = -5.421829223632812e+00 -1.576147460937500e+01 1.582695007324219e+01
dst volume info
valid = 1  # volume info valid
filename = /project/data/bids/derivatives/sourcedata/freesurfer/sub-s018/mri/norm.mgz
volume = 256 256 256
voxelsize = 1.000000000000000e+00 1.000000000000000e+00 1.000000000000000e+00
xras   = -1.000000000000000e+00 4.656612873077393e-10 0.000000000000000e+00
yras   = 7.450580596923828e-09 0.000000000000000e+00 -1.000000000000000e+00
zras   = -4.656612873077393e-10 1.000000119209290e+00 -3.725290298461914e-09
cras   = -5.421829223632812e+00 -1.576147460937500e+01 1.582695007324219e+01
