# transform file transforms/talairach.lta
# created by robertdh on Sun Aug 13 23:56:21 2023

type      = 0 # LINEAR_VOX_TO_VOX
nxforms   = 1
mean      = 127.0000 133.0000 125.0000
sigma     = 10000.0000
1 4 4
1.036791801452637e+00 1.020857170224190e-01 -1.581610366702080e-02 -1.702267074584961e+01 
-8.439925312995911e-02 1.170278549194336e+00 1.664373278617859e-01 -3.933459472656250e+01 
3.264923766255379e-02 -1.832170635461807e-01 9.612995386123657e-01 8.433637619018555e+00 
0.000000000000000e+00 0.000000000000000e+00 0.000000000000000e+00 1.000000000000000e+00 
src volume info
valid = 1  # volume info valid
filename = nu.mgz
volume = 256 256 256
voxelsize = 1.000000000000000e+00 1.000000000000000e+00 1.000000000000000e+00
xras   = -1.000000000000000e+00 4.656612873077393e-10 0.000000000000000e+00
yras   = 7.450580596923828e-09 0.000000000000000e+00 -1.000000000000000e+00
zras   = -4.656612873077393e-10 1.000000119209290e+00 -3.725290298461914e-09
cras   = -5.421829223632812e+00 -1.576147460937500e+01 1.582695007324219e+01
dst volume info
valid = 1  # volume info valid
filename = /opt/freesurfer/average/RB_all_2020-01-02.gca
volume = 256 256 256
voxelsize = 1.000000000000000e+00 1.000000000000000e+00 1.000000000000000e+00
xras   = -1.000000000000000e+00 0.000000000000000e+00 0.000000000000000e+00
yras   = 0.000000000000000e+00 0.000000000000000e+00 -1.000000000000000e+00
zras   = 0.000000000000000e+00 1.000000000000000e+00 0.000000000000000e+00
cras   = 0.000000000000000e+00 0.000000000000000e+00 0.000000000000000e+00
