type      = 1 # LINEAR_RAS_TO_RAS
nxforms   = 1
mean      = 0.0000 0.0000 0.0000
sigma     = 1.0000
1 4 4
1.048874974250793e+00 2.583000110462308e-03 9.068000316619873e-02 3.946944952011108e+00 
-2.793000079691410e-02 9.743980169296265e-01 2.164990007877350e-01 -5.216156005859375e+00 
-1.164190024137497e-01 -1.406749933958054e-01 1.166399002075195e+00 -1.402134704589844e+01 
0.000000000000000e+00 0.000000000000000e+00 0.000000000000000e+00 1.000000000000000e+00 
src volume info
valid = 1  # volume info valid
filename = /project/data/bids/derivatives/sourcedata/freesurfer/sub-s018/mri/orig_nu.mgz
volume = 256 256 256
voxelsize = 1.000000000000000e+00 1.000000000000000e+00 1.000000000000000e+00
xras   = -1.000000000000000e+00 4.656612873077393e-10 0.000000000000000e+00
yras   = 7.450580596923828e-09 0.000000000000000e+00 -1.000000000000000e+00
zras   = -4.656612873077393e-10 1.000000119209290e+00 -3.725290298461914e-09
cras   = -5.421829223632812e+00 -1.576147460937500e+01 1.582695007324219e+01
dst volume info
valid = 1  # volume info valid
filename = /opt/freesurfer/average/mni305.cor.mgz
volume = 256 256 256
voxelsize = 1.000000000000000e+00 1.000000000000000e+00 1.000000000000000e+00
xras   = -1.000000000000000e+00 0.000000000000000e+00 0.000000000000000e+00
yras   = 0.000000000000000e+00 0.000000000000000e+00 -1.000000000000000e+00
zras   = 0.000000000000000e+00 1.000000000000000e+00 0.000000000000000e+00
cras   = 0.000000000000000e+00 0.000000000000000e+00 0.000000000000000e+00
subject fsaverage
fscale 0.100000
