type      = 0 # LINEAR_VOX_TO_VOX
nxforms   = 1
mean      = 0.0000 0.0000 0.0000
sigma     = 1.0000
1 4 4
1.048874974250793e+00 9.067999571561813e-02 -2.582999644801021e-03 -1.718699645996094e+01 
-1.164190024137497e-01 1.166399002075195e+00 1.406750082969666e-01 -3.169148254394531e+01 
2.793000079691410e-02 -2.164990007877350e-01 9.743981361389160e-01 1.041770172119141e+01 
0.000000000000000e+00 0.000000000000000e+00 0.000000000000000e+00 1.000000000000000e+00 
src volume info
valid = 1  # volume info valid
filename = /project/data/bids/derivatives/sourcedata/freesurfer/sub-s018/mri/orig.mgz
volume = 256 256 256
voxelsize = 1.000000000000000e+00 1.000000000000000e+00 1.000000000000000e+00
xras   = -1.000000000000000e+00 4.656612873077393e-10 0.000000000000000e+00
yras   = 7.450580596923828e-09 0.000000000000000e+00 -1.000000000000000e+00
zras   = -4.656612873077393e-10 1.000000119209290e+00 -3.725290298461914e-09
cras   = -5.421829223632812e+00 -1.576147460937500e+01 1.582695007324219e+01
dst volume info
valid = 1  # volume info valid
filename = /opt/freesurfer/average/mni305.cor.mgz
volume = 256 256 256
voxelsize = 1.000000000000000e+00 1.000000000000000e+00 1.000000000000000e+00
xras   = -1.000000000000000e+00 0.000000000000000e+00 0.000000000000000e+00
yras   = 0.000000000000000e+00 0.000000000000000e+00 -1.000000000000000e+00
zras   = 0.000000000000000e+00 1.000000000000000e+00 0.000000000000000e+00
cras   = 0.000000000000000e+00 0.000000000000000e+00 0.000000000000000e+00
subject fsaverage
fscale 0.100000
