# transform file /project/data/bids/derivatives/sourcedata/freesurfer/sub-p018/mri/transforms/cc_up.lta
# created by robertdh on Sun Aug 13 19:38:20 2023

type      = 0 # LINEAR_VOX_TO_VOX
nxforms   = 1
mean      = 131.0000 134.0000 127.0000
sigma     = 10000.0000
1 4 4
9.979124665260315e-01 -3.456216305494308e-02 5.455614998936653e-02 -1.583249449729919e+00 
3.451062738895416e-02 9.994026422500610e-01 1.886705518700182e-03 9.450490951538086e+00 
-5.458876118063927e-02 0.000000000000000e+00 9.985089898109436e-01 1.512492847442627e+01 
0.000000000000000e+00 0.000000000000000e+00 0.000000000000000e+00 1.000000000000000e+00 
src volume info
valid = 1  # volume info valid
filename = /project/data/bids/derivatives/sourcedata/freesurfer/sub-p018/mri/norm.mgz
volume = 256 256 256
voxelsize = 1.000000000000000e+00 1.000000000000000e+00 1.000000000000000e+00
xras   = -9.999999403953552e-01 -3.259629011154175e-09 -3.725290298461914e-09
yras   = 0.000000000000000e+00 3.725290298461914e-09 -1.000000119209290e+00
zras   = -4.656612873077393e-09 1.000000000000000e+00 -3.725290298461914e-09
cras   = 2.178123474121094e+00 5.409095764160156e+00 8.506072998046875e+00
dst volume info
valid = 1  # volume info valid
filename = /project/data/bids/derivatives/sourcedata/freesurfer/sub-p018/mri/norm.mgz
volume = 256 256 256
voxelsize = 1.000000000000000e+00 1.000000000000000e+00 1.000000000000000e+00
xras   = -9.999999403953552e-01 -3.259629011154175e-09 -3.725290298461914e-09
yras   = 0.000000000000000e+00 3.725290298461914e-09 -1.000000119209290e+00
zras   = -4.656612873077393e-09 1.000000000000000e+00 -3.725290298461914e-09
cras   = 2.178123474121094e+00 5.409095764160156e+00 8.506072998046875e+00
