# transform file transforms/talairach.lta
# created by robertdh on Sun Aug 13 17:42:49 2023

type      = 0 # LINEAR_VOX_TO_VOX
nxforms   = 1
mean      = 131.0000 136.0000 127.0000
sigma     = 10000.0000
1 4 4
1.093038439750671e+00 -5.850210413336754e-02 5.590295046567917e-02 -1.322242546081543e+01 
4.060386493802071e-02 1.094995260238647e+00 2.635453939437866e-01 -5.950361251831055e+01 
-4.975407198071480e-02 -2.178608328104019e-01 9.525194168090820e-01 2.409840011596680e+01 
0.000000000000000e+00 0.000000000000000e+00 0.000000000000000e+00 1.000000000000000e+00 
src volume info
valid = 1  # volume info valid
filename = nu.mgz
volume = 256 256 256
voxelsize = 1.000000000000000e+00 1.000000000000000e+00 1.000000000000000e+00
xras   = -9.999999403953552e-01 -3.259629011154175e-09 -3.725290298461914e-09
yras   = 0.000000000000000e+00 3.725290298461914e-09 -1.000000119209290e+00
zras   = -4.656612873077393e-09 1.000000000000000e+00 -3.725290298461914e-09
cras   = 2.178123474121094e+00 5.409095764160156e+00 8.506072998046875e+00
dst volume info
valid = 1  # volume info valid
filename = /opt/freesurfer/average/RB_all_2020-01-02.gca
volume = 256 256 256
voxelsize = 1.000000000000000e+00 1.000000000000000e+00 1.000000000000000e+00
xras   = -1.000000000000000e+00 0.000000000000000e+00 0.000000000000000e+00
yras   = 0.000000000000000e+00 0.000000000000000e+00 -1.000000000000000e+00
zras   = 0.000000000000000e+00 1.000000000000000e+00 0.000000000000000e+00
cras   = 0.000000000000000e+00 0.000000000000000e+00 0.000000000000000e+00
