type      = 0 # LINEAR_VOX_TO_VOX
nxforms   = 1
mean      = 0.0000 0.0000 0.0000
sigma     = 1.0000
1 4 4
1.091856837272644e+00 -6.541500985622406e-02 5.942200496792793e-02 -1.118687438964844e+01 
3.655900061130524e-02 1.081496119499207e+00 2.353129982948303e-01 -5.270419311523438e+01 
-1.953900419175625e-02 -2.511390149593353e-01 1.012999057769775e+00 1.646965789794922e+01 
0.000000000000000e+00 0.000000000000000e+00 0.000000000000000e+00 1.000000000000000e+00 
src volume info
valid = 1  # volume info valid
filename = /project/data/bids/derivatives/sourcedata/freesurfer/sub-p018/mri/orig.mgz
volume = 256 256 256
voxelsize = 1.000000000000000e+00 1.000000000000000e+00 1.000000000000000e+00
xras   = -9.999999403953552e-01 -3.259629011154175e-09 -3.725290298461914e-09
yras   = 0.000000000000000e+00 3.725290298461914e-09 -1.000000119209290e+00
zras   = -4.656612873077393e-09 1.000000000000000e+00 -3.725290298461914e-09
cras   = 2.178123474121094e+00 5.409095764160156e+00 8.506072998046875e+00
dst volume info
valid = 1  # volume info valid
filename = /opt/freesurfer/average/mni305.cor.mgz
volume = 256 256 256
voxelsize = 1.000000000000000e+00 1.000000000000000e+00 1.000000000000000e+00
xras   = -1.000000000000000e+00 0.000000000000000e+00 0.000000000000000e+00
yras   = 0.000000000000000e+00 0.000000000000000e+00 -1.000000000000000e+00
zras   = 0.000000000000000e+00 1.000000000000000e+00 0.000000000000000e+00
cras   = 0.000000000000000e+00 0.000000000000000e+00 0.000000000000000e+00
subject fsaverage
fscale 0.100000
