# transform file /project/data/bids/derivatives/sourcedata/freesurfer/sub-s010/mri/transforms/cc_up.lta
# created by robertdh on Mon Aug 14 07:36:02 2023

type      = 0 # LINEAR_VOX_TO_VOX
nxforms   = 1
mean      = 128.0000 133.0000 125.0000
sigma     = 10000.0000
1 4 4
9.983355402946472e-01 1.672679930925369e-02 -5.519424378871918e-02 5.328380584716797e+00 
-1.670129410922527e-02 9.998601078987122e-01 9.233521996065974e-04 1.603623962402344e+01 
5.520196631550789e-02 -5.820766091346741e-11 9.984752535820007e-01 3.142234325408936e+00 
0.000000000000000e+00 0.000000000000000e+00 0.000000000000000e+00 1.000000000000000e+00 
src volume info
valid = 1  # volume info valid
filename = /project/data/bids/derivatives/sourcedata/freesurfer/sub-s010/mri/norm.mgz
volume = 256 256 256
voxelsize = 1.000000000000000e+00 1.000000000000000e+00 1.000000000000000e+00
xras   = -1.000000000000000e+00 3.230525180697441e-09 0.000000000000000e+00
yras   = 0.000000000000000e+00 -9.313225746154785e-10 -1.000000000000000e+00
zras   = 4.947651177644730e-10 1.000000119209290e+00 9.313225746154785e-10
cras   = 2.138687133789062e+00 -1.837725830078125e+01 1.972961425781250e-01
dst volume info
valid = 1  # volume info valid
filename = /project/data/bids/derivatives/sourcedata/freesurfer/sub-s010/mri/norm.mgz
volume = 256 256 256
voxelsize = 1.000000000000000e+00 1.000000000000000e+00 1.000000000000000e+00
xras   = -1.000000000000000e+00 3.230525180697441e-09 0.000000000000000e+00
yras   = 0.000000000000000e+00 -9.313225746154785e-10 -1.000000000000000e+00
zras   = 4.947651177644730e-10 1.000000119209290e+00 9.313225746154785e-10
cras   = 2.138687133789062e+00 -1.837725830078125e+01 1.972961425781250e-01
