type      = 1 # LINEAR_RAS_TO_RAS
nxforms   = 1
mean      = 0.0000 0.0000 0.0000
sigma     = 1.0000
1 4 4
1.087296962738037e+00 3.805800154805183e-02 -1.676600053906441e-02 -4.487299919128418e-01 
-3.319400176405907e-02 1.064035058021545e+00 2.005109935998917e-01 2.195496082305908e+00 
-3.489000024273992e-03 -1.786610037088394e-01 1.136255025863647e+00 3.582550048828125e+00 
0.000000000000000e+00 0.000000000000000e+00 0.000000000000000e+00 1.000000000000000e+00 
src volume info
valid = 1  # volume info valid
filename = /project/data/bids/derivatives/sourcedata/freesurfer/sub-s010/mri/orig_nu.mgz
volume = 256 256 256
voxelsize = 1.000000000000000e+00 1.000000000000000e+00 1.000000000000000e+00
xras   = -1.000000000000000e+00 3.230525180697441e-09 0.000000000000000e+00
yras   = 0.000000000000000e+00 -9.313225746154785e-10 -1.000000000000000e+00
zras   = 4.947651177644730e-10 1.000000119209290e+00 9.313225746154785e-10
cras   = 2.138687133789062e+00 -1.837725830078125e+01 1.972961425781250e-01
dst volume info
valid = 1  # volume info valid
filename = /opt/freesurfer/average/mni305.cor.mgz
volume = 256 256 256
voxelsize = 1.000000000000000e+00 1.000000000000000e+00 1.000000000000000e+00
xras   = -1.000000000000000e+00 0.000000000000000e+00 0.000000000000000e+00
yras   = 0.000000000000000e+00 0.000000000000000e+00 -1.000000000000000e+00
zras   = 0.000000000000000e+00 1.000000000000000e+00 0.000000000000000e+00
cras   = 0.000000000000000e+00 0.000000000000000e+00 0.000000000000000e+00
subject fsaverage
fscale 0.100000
