type      = 0 # LINEAR_VOX_TO_VOX
nxforms   = 1
mean      = 0.0000 0.0000 0.0000
sigma     = 1.0000
1 4 4
1.087296962738037e+00 -1.676600053906441e-02 -3.805800527334213e-02 -5.330490112304688e+00 
-3.488999558612704e-03 1.136255025863647e+00 1.786610186100006e-01 -4.694523620605469e+01 
3.319400548934937e-02 -2.005109935998917e-01 1.064035177230835e+00 -4.169906616210938e+00 
0.000000000000000e+00 0.000000000000000e+00 0.000000000000000e+00 1.000000000000000e+00 
src volume info
valid = 1  # volume info valid
filename = /project/data/bids/derivatives/sourcedata/freesurfer/sub-s010/mri/orig.mgz
volume = 256 256 256
voxelsize = 1.000000000000000e+00 1.000000000000000e+00 1.000000000000000e+00
xras   = -1.000000000000000e+00 3.230525180697441e-09 0.000000000000000e+00
yras   = 0.000000000000000e+00 -9.313225746154785e-10 -1.000000000000000e+00
zras   = 4.947651177644730e-10 1.000000119209290e+00 9.313225746154785e-10
cras   = 2.138687133789062e+00 -1.837725830078125e+01 1.972961425781250e-01
dst volume info
valid = 1  # volume info valid
filename = /opt/freesurfer/average/mni305.cor.mgz
volume = 256 256 256
voxelsize = 1.000000000000000e+00 1.000000000000000e+00 1.000000000000000e+00
xras   = -1.000000000000000e+00 0.000000000000000e+00 0.000000000000000e+00
yras   = 0.000000000000000e+00 0.000000000000000e+00 -1.000000000000000e+00
zras   = 0.000000000000000e+00 1.000000000000000e+00 0.000000000000000e+00
cras   = 0.000000000000000e+00 0.000000000000000e+00 0.000000000000000e+00
subject fsaverage
fscale 0.100000
