# transform file transforms/talairach.lta
# created by robertdh on Mon Aug 14 06:05:05 2023

type      = 0 # LINEAR_VOX_TO_VOX
nxforms   = 1
mean      = 128.0000 133.0000 125.0000
sigma     = 10000.0000
1 4 4
1.079568743705750e+00 1.276318356394768e-02 -1.864259317517281e-02 -1.154189300537109e+01 
-9.913500398397446e-03 1.168285489082336e+00 1.192838475108147e-01 -4.140196990966797e+01 
1.502358354628086e-02 -9.909313917160034e-02 1.047068834304810e+00 -1.145629787445068e+01 
0.000000000000000e+00 0.000000000000000e+00 0.000000000000000e+00 1.000000000000000e+00 
src volume info
valid = 1  # volume info valid
filename = nu.mgz
volume = 256 256 256
voxelsize = 1.000000000000000e+00 1.000000000000000e+00 1.000000000000000e+00
xras   = -1.000000000000000e+00 3.230525180697441e-09 0.000000000000000e+00
yras   = 0.000000000000000e+00 -9.313225746154785e-10 -1.000000000000000e+00
zras   = 4.947651177644730e-10 1.000000119209290e+00 9.313225746154785e-10
cras   = 2.138687133789062e+00 -1.837725830078125e+01 1.972961425781250e-01
dst volume info
valid = 1  # volume info valid
filename = /opt/freesurfer/average/RB_all_2020-01-02.gca
volume = 256 256 256
voxelsize = 1.000000000000000e+00 1.000000000000000e+00 1.000000000000000e+00
xras   = -1.000000000000000e+00 0.000000000000000e+00 0.000000000000000e+00
yras   = 0.000000000000000e+00 0.000000000000000e+00 -1.000000000000000e+00
zras   = 0.000000000000000e+00 1.000000000000000e+00 0.000000000000000e+00
cras   = 0.000000000000000e+00 0.000000000000000e+00 0.000000000000000e+00
