# transform file /project/data/bids/derivatives/sourcedata/freesurfer/sub-s017/mri/transforms/cc_up.lta
# created by robertdh on Mon Aug 14 03:57:50 2023

type      = 0 # LINEAR_VOX_TO_VOX
nxforms   = 1
mean      = 128.0000 135.0000 127.0000
sigma     = 10000.0000
1 4 4
9.989223480224609e-01 4.583109915256500e-02 7.322213612496853e-03 -6.814602851867676e+00 
-4.582986980676651e-02 9.989491105079651e-01 -3.359381225891411e-04 1.706213569641113e+01 
-7.329916115850210e-03 0.000000000000000e+00 9.999731183052063e-01 8.946679115295410e+00 
0.000000000000000e+00 0.000000000000000e+00 0.000000000000000e+00 1.000000000000000e+00 
src volume info
valid = 1  # volume info valid
filename = /project/data/bids/derivatives/sourcedata/freesurfer/sub-s017/mri/norm.mgz
volume = 256 256 256
voxelsize = 1.000000000000000e+00 1.000000000000000e+00 1.000000000000000e+00
xras   = -1.000000000000000e+00 0.000000000000000e+00 3.725290298461914e-09
yras   = 3.725290298461914e-09 0.000000000000000e+00 -1.000000000000000e+00
zras   = 0.000000000000000e+00 9.999999403953552e-01 0.000000000000000e+00
cras   = -1.554496765136719e+00 -2.466608428955078e+01 -3.763488769531250e+00
dst volume info
valid = 1  # volume info valid
filename = /project/data/bids/derivatives/sourcedata/freesurfer/sub-s017/mri/norm.mgz
volume = 256 256 256
voxelsize = 1.000000000000000e+00 1.000000000000000e+00 1.000000000000000e+00
xras   = -1.000000000000000e+00 0.000000000000000e+00 3.725290298461914e-09
yras   = 3.725290298461914e-09 0.000000000000000e+00 -1.000000000000000e+00
zras   = 0.000000000000000e+00 9.999999403953552e-01 0.000000000000000e+00
cras   = -1.554496765136719e+00 -2.466608428955078e+01 -3.763488769531250e+00
