# transform file /project/data/bids/derivatives/sourcedata/freesurfer/sub-s022/mri/transforms/cc_up.lta
# created by robertdh on Sun Aug 13 23:49:16 2023

type      = 0 # LINEAR_VOX_TO_VOX
nxforms   = 1
mean      = 128.0000 135.0000 125.0000
sigma     = 10000.0000
1 4 4
9.937064647674561e-01 1.014063060283661e-01 -4.758434370160103e-02 -6.857881546020508e+00 
-1.012902408838272e-01 9.948451519012451e-01 4.850355442613363e-03 2.504329872131348e+01 
4.783090949058533e-02 0.000000000000000e+00 9.988554716110229e-01 8.993634223937988e+00 
0.000000000000000e+00 0.000000000000000e+00 0.000000000000000e+00 1.000000000000000e+00 
src volume info
valid = 1  # volume info valid
filename = /project/data/bids/derivatives/sourcedata/freesurfer/sub-s022/mri/norm.mgz
volume = 256 256 256
voxelsize = 1.000000000000000e+00 1.000000000000000e+00 1.000000000000000e+00
xras   = -1.000000119209290e+00 0.000000000000000e+00 0.000000000000000e+00
yras   = 0.000000000000000e+00 -1.490116119384766e-08 -1.000000119209290e+00
zras   = 2.793967723846436e-09 1.000000119209290e+00 0.000000000000000e+00
cras   = -2.267318725585938e+00 -2.242374420166016e+01 -1.084777832031250e+00
dst volume info
valid = 1  # volume info valid
filename = /project/data/bids/derivatives/sourcedata/freesurfer/sub-s022/mri/norm.mgz
volume = 256 256 256
voxelsize = 1.000000000000000e+00 1.000000000000000e+00 1.000000000000000e+00
xras   = -1.000000119209290e+00 0.000000000000000e+00 0.000000000000000e+00
yras   = 0.000000000000000e+00 -1.490116119384766e-08 -1.000000119209290e+00
zras   = 2.793967723846436e-09 1.000000119209290e+00 0.000000000000000e+00
cras   = -2.267318725585938e+00 -2.242374420166016e+01 -1.084777832031250e+00
