# transform file transforms/talairach.lta
# created by robertdh on Sun Aug 13 22:24:09 2023

type      = 0 # LINEAR_VOX_TO_VOX
nxforms   = 1
mean      = 128.0000 137.0000 125.0000
sigma     = 10000.0000
1 4 4
1.010851144790649e+00 7.042577117681503e-02 -3.110598027706146e-02 -8.475155830383301e+00 
-8.875666558742523e-02 1.135043501853943e+00 3.047325313091278e-01 -5.271469879150391e+01 
2.873385557904840e-03 -2.785590887069702e-01 1.049792528152466e+00 1.606344032287598e+01 
0.000000000000000e+00 0.000000000000000e+00 0.000000000000000e+00 1.000000000000000e+00 
src volume info
valid = 1  # volume info valid
filename = nu.mgz
volume = 256 256 256
voxelsize = 1.000000000000000e+00 1.000000000000000e+00 1.000000000000000e+00
xras   = -1.000000119209290e+00 0.000000000000000e+00 0.000000000000000e+00
yras   = 0.000000000000000e+00 -1.490116119384766e-08 -1.000000119209290e+00
zras   = 2.793967723846436e-09 1.000000119209290e+00 0.000000000000000e+00
cras   = -2.267318725585938e+00 -2.242374420166016e+01 -1.084777832031250e+00
dst volume info
valid = 1  # volume info valid
filename = /opt/freesurfer/average/RB_all_2020-01-02.gca
volume = 256 256 256
voxelsize = 1.000000000000000e+00 1.000000000000000e+00 1.000000000000000e+00
xras   = -1.000000000000000e+00 0.000000000000000e+00 0.000000000000000e+00
yras   = 0.000000000000000e+00 0.000000000000000e+00 -1.000000000000000e+00
zras   = 0.000000000000000e+00 1.000000000000000e+00 0.000000000000000e+00
cras   = 0.000000000000000e+00 0.000000000000000e+00 0.000000000000000e+00
