# transform file /project/data/bids/derivatives/sourcedata/freesurfer/sub-s005/mri/transforms/cc_up.lta
# created by robertdh on Mon Aug 14 09:19:46 2023

type      = 0 # LINEAR_VOX_TO_VOX
nxforms   = 1
mean      = 128.0000 136.0000 126.0000
sigma     = 10000.0000
1 4 4
9.999232292175293e-01 2.848139731213450e-03 1.206129044294357e-02 -2.746561527252197e+00 
-2.847932279109955e-03 9.999960064888000e-01 -3.435237522353418e-05 1.137191390991211e+01 
-1.206133980304003e-02 0.000000000000000e+00 9.999272823333740e-01 1.156449508666992e+01 
0.000000000000000e+00 0.000000000000000e+00 0.000000000000000e+00 1.000000000000000e+00 
src volume info
valid = 1  # volume info valid
filename = /project/data/bids/derivatives/sourcedata/freesurfer/sub-s005/mri/norm.mgz
volume = 256 256 256
voxelsize = 1.000000000000000e+00 1.000000000000000e+00 1.000000000000000e+00
xras   = -1.000000119209290e+00 1.164153218269348e-10 0.000000000000000e+00
yras   = 0.000000000000000e+00 7.450580596923828e-09 -1.000000000000000e+00
zras   = 1.164153218269348e-10 1.000000119209290e+00 0.000000000000000e+00
cras   = -8.728866577148438e-01 -2.179695129394531e+01 -2.338623046875000e+00
dst volume info
valid = 1  # volume info valid
filename = /project/data/bids/derivatives/sourcedata/freesurfer/sub-s005/mri/norm.mgz
volume = 256 256 256
voxelsize = 1.000000000000000e+00 1.000000000000000e+00 1.000000000000000e+00
xras   = -1.000000119209290e+00 1.164153218269348e-10 0.000000000000000e+00
yras   = 0.000000000000000e+00 7.450580596923828e-09 -1.000000000000000e+00
zras   = 1.164153218269348e-10 1.000000119209290e+00 0.000000000000000e+00
cras   = -8.728866577148438e-01 -2.179695129394531e+01 -2.338623046875000e+00
