# transform file transforms/talairach.lta
# created by robertdh on Mon Aug 14 07:49:29 2023

type      = 0 # LINEAR_VOX_TO_VOX
nxforms   = 1
mean      = 129.0000 136.0000 126.0000
sigma     = 10000.0000
1 4 4
1.061037778854370e+00 2.536642923951149e-02 1.411057915538549e-02 -1.530836296081543e+01 
-2.621634677052498e-02 1.098242521286011e+00 2.533388137817383e-01 -5.087730407714844e+01 
-8.402386680245399e-03 -2.153593301773071e-01 9.935257434844971e-01 1.323398303985596e+01 
0.000000000000000e+00 0.000000000000000e+00 0.000000000000000e+00 1.000000000000000e+00 
src volume info
valid = 1  # volume info valid
filename = nu.mgz
volume = 256 256 256
voxelsize = 1.000000000000000e+00 1.000000000000000e+00 1.000000000000000e+00
xras   = -1.000000119209290e+00 1.164153218269348e-10 0.000000000000000e+00
yras   = 0.000000000000000e+00 7.450580596923828e-09 -1.000000000000000e+00
zras   = 1.164153218269348e-10 1.000000119209290e+00 0.000000000000000e+00
cras   = -8.728866577148438e-01 -2.179695129394531e+01 -2.338623046875000e+00
dst volume info
valid = 1  # volume info valid
filename = /opt/freesurfer/average/RB_all_2020-01-02.gca
volume = 256 256 256
voxelsize = 1.000000000000000e+00 1.000000000000000e+00 1.000000000000000e+00
xras   = -1.000000000000000e+00 0.000000000000000e+00 0.000000000000000e+00
yras   = 0.000000000000000e+00 0.000000000000000e+00 -1.000000000000000e+00
zras   = 0.000000000000000e+00 1.000000000000000e+00 0.000000000000000e+00
cras   = 0.000000000000000e+00 0.000000000000000e+00 0.000000000000000e+00
