# transform file /project/data/bids/derivatives/sourcedata/freesurfer/sub-p002/mri/transforms/cc_up.lta
# created by robertdh on Fri Aug 11 01:01:05 2023

type      = 0 # LINEAR_VOX_TO_VOX
nxforms   = 1
mean      = 129.0000 137.0000 125.0000
sigma     = 10000.0000
1 4 4
9.980930089950562e-01 6.491914857178926e-03 6.138582155108452e-02 -9.044508934020996e+00 
-6.479671224951744e-03 9.999789595603943e-01 -3.985199437011033e-04 7.887144565582275e+00 
-6.138711050152779e-02 0.000000000000000e+00 9.981140494346619e-01 3.018023872375488e+01 
0.000000000000000e+00 0.000000000000000e+00 0.000000000000000e+00 1.000000000000000e+00 
src volume info
valid = 1  # volume info valid
filename = /project/data/bids/derivatives/sourcedata/freesurfer/sub-p002/mri/norm.mgz
volume = 256 256 256
voxelsize = 1.000000000000000e+00 1.000000000000000e+00 1.000000000000000e+00
xras   = -9.999998807907104e-01 -2.211891114711761e-09 -9.313225746154785e-10
yras   = -9.313225746154785e-10 -1.490116119384766e-08 -9.999998807907104e-01
zras   = 2.211891114711761e-09 9.999999403953552e-01 -1.490116119384766e-08
cras   = -6.340789794921875e-02 7.375610351562500e+00 -5.909317016601562e+00
dst volume info
valid = 1  # volume info valid
filename = /project/data/bids/derivatives/sourcedata/freesurfer/sub-p002/mri/norm.mgz
volume = 256 256 256
voxelsize = 1.000000000000000e+00 1.000000000000000e+00 1.000000000000000e+00
xras   = -9.999998807907104e-01 -2.211891114711761e-09 -9.313225746154785e-10
yras   = -9.313225746154785e-10 -1.490116119384766e-08 -9.999998807907104e-01
zras   = 2.211891114711761e-09 9.999999403953552e-01 -1.490116119384766e-08
cras   = -6.340789794921875e-02 7.375610351562500e+00 -5.909317016601562e+00
