type      = 1 # LINEAR_RAS_TO_RAS
nxforms   = 1
mean      = 0.0000 0.0000 0.0000
sigma     = 1.0000
1 4 4
1.032047033309937e+00 -6.143099814653397e-02 -1.655199937522411e-02 1.459334969520569e+00 
3.732400014996529e-02 9.734899997711182e-01 4.273959994316101e-01 -1.836287307739258e+01 
-2.973500080406666e-02 -3.602530062198639e-01 1.054905056953430e+00 1.795640563964844e+01 
0.000000000000000e+00 0.000000000000000e+00 0.000000000000000e+00 1.000000000000000e+00 
src volume info
valid = 1  # volume info valid
filename = /project/data/bids/derivatives/sourcedata/freesurfer/sub-p002/mri/orig_nu.mgz
volume = 256 256 256
voxelsize = 1.000000000000000e+00 1.000000000000000e+00 1.000000000000000e+00
xras   = -9.999998807907104e-01 -2.211891114711761e-09 -9.313225746154785e-10
yras   = -9.313225746154785e-10 -1.490116119384766e-08 -9.999998807907104e-01
zras   = 2.211891114711761e-09 9.999999403953552e-01 -1.490116119384766e-08
cras   = -6.340789794921875e-02 7.375610351562500e+00 -5.909317016601562e+00
dst volume info
valid = 1  # volume info valid
filename = /opt/freesurfer/average/mni305.cor.mgz
volume = 256 256 256
voxelsize = 1.000000000000000e+00 1.000000000000000e+00 1.000000000000000e+00
xras   = -1.000000000000000e+00 0.000000000000000e+00 0.000000000000000e+00
yras   = 0.000000000000000e+00 0.000000000000000e+00 -1.000000000000000e+00
zras   = 0.000000000000000e+00 1.000000000000000e+00 0.000000000000000e+00
cras   = 0.000000000000000e+00 0.000000000000000e+00 0.000000000000000e+00
subject fsaverage
fscale 0.100000
