# transform file transforms/talairach.lta
# created by robertdh on Thu Aug 10 22:21:01 2023

type      = 0 # LINEAR_VOX_TO_VOX
nxforms   = 1
mean      = 129.0000 137.0000 125.0000
sigma     = 10000.0000
1 4 4
9.997091889381409e-01 2.086961641907692e-02 5.479037389159203e-02 -1.188208198547363e+01 
-3.492712974548340e-02 1.124470353126526e+00 3.833608925342560e-01 -7.001689147949219e+01 
-4.035359621047974e-02 -3.708476126194000e-01 9.916236400604248e-01 4.031853485107422e+01 
0.000000000000000e+00 0.000000000000000e+00 0.000000000000000e+00 1.000000000000000e+00 
src volume info
valid = 1  # volume info valid
filename = nu.mgz
volume = 256 256 256
voxelsize = 1.000000000000000e+00 1.000000000000000e+00 1.000000000000000e+00
xras   = -9.999998807907104e-01 -2.211891114711761e-09 -9.313225746154785e-10
yras   = -9.313225746154785e-10 -1.490116119384766e-08 -9.999998807907104e-01
zras   = 2.211891114711761e-09 9.999999403953552e-01 -1.490116119384766e-08
cras   = -6.340789794921875e-02 7.375610351562500e+00 -5.909317016601562e+00
dst volume info
valid = 1  # volume info valid
filename = /opt/freesurfer/average/RB_all_2020-01-02.gca
volume = 256 256 256
voxelsize = 1.000000000000000e+00 1.000000000000000e+00 1.000000000000000e+00
xras   = -1.000000000000000e+00 0.000000000000000e+00 0.000000000000000e+00
yras   = 0.000000000000000e+00 0.000000000000000e+00 -1.000000000000000e+00
zras   = 0.000000000000000e+00 1.000000000000000e+00 0.000000000000000e+00
cras   = 0.000000000000000e+00 0.000000000000000e+00 0.000000000000000e+00
