type      = 0 # LINEAR_VOX_TO_VOX
nxforms   = 1
mean      = 0.0000 0.0000 0.0000
sigma     = 1.0000
1 4 4
1.032046914100647e+00 -1.655199751257896e-02 6.143099069595337e-02 -1.088513183593750e+01 
-2.973499521613121e-02 1.054904937744141e+00 3.602530062198639e-01 -5.840156555175781e+01 
-3.732400014996529e-02 -4.273959398269653e-01 9.734899401664734e-01 4.916667175292969e+01 
0.000000000000000e+00 0.000000000000000e+00 0.000000000000000e+00 1.000000000000000e+00 
src volume info
valid = 1  # volume info valid
filename = /project/data/bids/derivatives/sourcedata/freesurfer/sub-p002/mri/orig.mgz
volume = 256 256 256
voxelsize = 1.000000000000000e+00 1.000000000000000e+00 1.000000000000000e+00
xras   = -9.999998807907104e-01 -2.211891114711761e-09 -9.313225746154785e-10
yras   = -9.313225746154785e-10 -1.490116119384766e-08 -9.999998807907104e-01
zras   = 2.211891114711761e-09 9.999999403953552e-01 -1.490116119384766e-08
cras   = -6.340789794921875e-02 7.375610351562500e+00 -5.909317016601562e+00
dst volume info
valid = 1  # volume info valid
filename = /opt/freesurfer/average/mni305.cor.mgz
volume = 256 256 256
voxelsize = 1.000000000000000e+00 1.000000000000000e+00 1.000000000000000e+00
xras   = -1.000000000000000e+00 0.000000000000000e+00 0.000000000000000e+00
yras   = 0.000000000000000e+00 0.000000000000000e+00 -1.000000000000000e+00
zras   = 0.000000000000000e+00 1.000000000000000e+00 0.000000000000000e+00
cras   = 0.000000000000000e+00 0.000000000000000e+00 0.000000000000000e+00
subject fsaverage
fscale 0.100000
