# transform file /project/data/bids/derivatives/sourcedata/freesurfer/sub-p021/mri/transforms/cc_up.lta
# created by robertdh on Sun Aug 13 22:27:08 2023

type      = 0 # LINEAR_VOX_TO_VOX
nxforms   = 1
mean      = 129.0000 138.0000 126.0000
sigma     = 10000.0000
1 4 4
9.994815587997437e-01 -3.020593896508217e-02 1.114847697317600e-02 2.760038375854492e+00 
3.020406141877174e-02 9.995437264442444e-01 3.369039332028478e-04 7.161863803863525e+00 
-1.115356571972370e-02 2.910383392618066e-11 9.999378323554993e-01 1.442987346649170e+01 
0.000000000000000e+00 0.000000000000000e+00 0.000000000000000e+00 1.000000000000000e+00 
src volume info
valid = 1  # volume info valid
filename = /project/data/bids/derivatives/sourcedata/freesurfer/sub-p021/mri/norm.mgz
volume = 256 256 256
voxelsize = 1.000000000000000e+00 1.000000000000000e+00 1.000000000000000e+00
xras   = -1.000000000000000e+00 -3.637978807091713e-10 0.000000000000000e+00
yras   = 2.328306436538696e-10 -7.450580596923828e-09 -9.999999403953552e-01
zras   = -5.675246939063072e-10 1.000000000000000e+00 0.000000000000000e+00
cras   = 2.358512878417969e+00 6.201217651367188e+00 -1.380996704101562e+01
dst volume info
valid = 1  # volume info valid
filename = /project/data/bids/derivatives/sourcedata/freesurfer/sub-p021/mri/norm.mgz
volume = 256 256 256
voxelsize = 1.000000000000000e+00 1.000000000000000e+00 1.000000000000000e+00
xras   = -1.000000000000000e+00 -3.637978807091713e-10 0.000000000000000e+00
yras   = 2.328306436538696e-10 -7.450580596923828e-09 -9.999999403953552e-01
zras   = -5.675246939063072e-10 1.000000000000000e+00 0.000000000000000e+00
cras   = 2.358512878417969e+00 6.201217651367188e+00 -1.380996704101562e+01
