# transform file transforms/talairach.lta
# created by robertdh on Sun Aug 13 21:08:23 2023

type      = 0 # LINEAR_VOX_TO_VOX
nxforms   = 1
mean      = 129.0000 138.0000 126.0000
sigma     = 10000.0000
1 4 4
1.104303002357483e+00 -1.934400945901871e-02 2.947355434298515e-02 -1.683954238891602e+01 
9.635180234909058e-03 1.176316618919373e+00 2.574491500854492e-01 -6.580010986328125e+01 
-3.611584380269051e-02 -2.789013683795929e-01 9.720249772071838e-01 3.001501846313477e+01 
0.000000000000000e+00 0.000000000000000e+00 0.000000000000000e+00 1.000000000000000e+00 
src volume info
valid = 1  # volume info valid
filename = nu.mgz
volume = 256 256 256
voxelsize = 1.000000000000000e+00 1.000000000000000e+00 1.000000000000000e+00
xras   = -1.000000000000000e+00 -3.637978807091713e-10 0.000000000000000e+00
yras   = 2.328306436538696e-10 -7.450580596923828e-09 -9.999999403953552e-01
zras   = -5.675246939063072e-10 1.000000000000000e+00 0.000000000000000e+00
cras   = 2.358512878417969e+00 6.201217651367188e+00 -1.380996704101562e+01
dst volume info
valid = 1  # volume info valid
filename = /opt/freesurfer/average/RB_all_2020-01-02.gca
volume = 256 256 256
voxelsize = 1.000000000000000e+00 1.000000000000000e+00 1.000000000000000e+00
xras   = -1.000000000000000e+00 0.000000000000000e+00 0.000000000000000e+00
yras   = 0.000000000000000e+00 0.000000000000000e+00 -1.000000000000000e+00
zras   = 0.000000000000000e+00 1.000000000000000e+00 0.000000000000000e+00
cras   = 0.000000000000000e+00 0.000000000000000e+00 0.000000000000000e+00
