type      = 0 # LINEAR_VOX_TO_VOX
nxforms   = 1
mean      = 0.0000 0.0000 0.0000
sigma     = 1.0000
1 4 4
1.129508972167969e+00 -4.151999577879906e-02 2.352499961853027e-02 -1.434506225585938e+01 
3.386100009083748e-02 1.100822925567627e+00 2.665430009365082e-01 -6.027490234375000e+01 
-2.845500037074089e-02 -3.391599655151367e-01 9.802899956703186e-01 3.512544250488281e+01 
0.000000000000000e+00 0.000000000000000e+00 0.000000000000000e+00 1.000000000000000e+00 
src volume info
valid = 1  # volume info valid
filename = /project/data/bids/derivatives/sourcedata/freesurfer/sub-p021/mri/orig.mgz
volume = 256 256 256
voxelsize = 1.000000000000000e+00 1.000000000000000e+00 1.000000000000000e+00
xras   = -1.000000000000000e+00 -3.637978807091713e-10 0.000000000000000e+00
yras   = 2.328306436538696e-10 -7.450580596923828e-09 -9.999999403953552e-01
zras   = -5.675246939063072e-10 1.000000000000000e+00 0.000000000000000e+00
cras   = 2.358512878417969e+00 6.201217651367188e+00 -1.380996704101562e+01
dst volume info
valid = 1  # volume info valid
filename = /opt/freesurfer/average/mni305.cor.mgz
volume = 256 256 256
voxelsize = 1.000000000000000e+00 1.000000000000000e+00 1.000000000000000e+00
xras   = -1.000000000000000e+00 0.000000000000000e+00 0.000000000000000e+00
yras   = 0.000000000000000e+00 0.000000000000000e+00 -1.000000000000000e+00
zras   = 0.000000000000000e+00 1.000000000000000e+00 0.000000000000000e+00
cras   = 0.000000000000000e+00 0.000000000000000e+00 0.000000000000000e+00
subject fsaverage
fscale 0.100000
