# transform file /project/data/bids/derivatives/sourcedata/freesurfer/sub-p012/mri/transforms/cc_up.lta
# created by robertdh on Fri Aug 11 01:58:17 2023

type      = 0 # LINEAR_VOX_TO_VOX
nxforms   = 1
mean      = 127.0000 135.0000 126.0000
sigma     = 10000.0000
1 4 4
9.953835606575012e-01 9.326530247926712e-02 -2.265201508998871e-02 -8.829202651977539e+00 
-9.324117004871368e-02 9.956412315368652e-01 2.121895784512162e-03 2.531384277343750e+01 
2.275118045508862e-02 2.328306436538696e-10 9.997411370277405e-01 7.087133884429932e+00 
0.000000000000000e+00 0.000000000000000e+00 0.000000000000000e+00 1.000000000000000e+00 
src volume info
valid = 1  # volume info valid
filename = /project/data/bids/derivatives/sourcedata/freesurfer/sub-p012/mri/norm.mgz
volume = 256 256 256
voxelsize = 1.000000000000000e+00 1.000000000000000e+00 1.000000000000000e+00
xras   = -9.999998807907104e-01 2.561137080192566e-09 0.000000000000000e+00
yras   = 0.000000000000000e+00 3.725290298461914e-09 -9.999998807907104e-01
zras   = 9.313225746154785e-10 9.999998807907104e-01 1.862645149230957e-09
cras   = -6.975158691406250e+00 3.285995483398438e+00 2.647079467773438e+00
dst volume info
valid = 1  # volume info valid
filename = /project/data/bids/derivatives/sourcedata/freesurfer/sub-p012/mri/norm.mgz
volume = 256 256 256
voxelsize = 1.000000000000000e+00 1.000000000000000e+00 1.000000000000000e+00
xras   = -9.999998807907104e-01 2.561137080192566e-09 0.000000000000000e+00
yras   = 0.000000000000000e+00 3.725290298461914e-09 -9.999998807907104e-01
zras   = 9.313225746154785e-10 9.999998807907104e-01 1.862645149230957e-09
cras   = -6.975158691406250e+00 3.285995483398438e+00 2.647079467773438e+00
