type      = 0 # LINEAR_VOX_TO_VOX
nxforms   = 1
mean      = 0.0000 0.0000 0.0000
sigma     = 1.0000
1 4 4
1.100642919540405e+00 1.128059849143028e-01 -1.805100031197071e-02 -2.557853698730469e+01 
-1.148149818181992e-01 1.130935907363892e+00 1.499979794025421e-01 -3.018031311035156e+01 
2.636799775063992e-02 -1.688179820775986e-01 1.079163908958435e+00 -5.466995239257812e+00 
0.000000000000000e+00 0.000000000000000e+00 0.000000000000000e+00 1.000000000000000e+00 
src volume info
valid = 1  # volume info valid
filename = /project/data/bids/derivatives/sourcedata/freesurfer/sub-p012/mri/orig.mgz
volume = 256 256 256
voxelsize = 1.000000000000000e+00 1.000000000000000e+00 1.000000000000000e+00
xras   = -9.999998807907104e-01 2.561137080192566e-09 0.000000000000000e+00
yras   = 0.000000000000000e+00 3.725290298461914e-09 -9.999998807907104e-01
zras   = 9.313225746154785e-10 9.999998807907104e-01 1.862645149230957e-09
cras   = -6.975158691406250e+00 3.285995483398438e+00 2.647079467773438e+00
dst volume info
valid = 1  # volume info valid
filename = /opt/freesurfer/average/mni305.cor.mgz
volume = 256 256 256
voxelsize = 1.000000000000000e+00 1.000000000000000e+00 1.000000000000000e+00
xras   = -1.000000000000000e+00 0.000000000000000e+00 0.000000000000000e+00
yras   = 0.000000000000000e+00 0.000000000000000e+00 -1.000000000000000e+00
zras   = 0.000000000000000e+00 1.000000000000000e+00 0.000000000000000e+00
cras   = 0.000000000000000e+00 0.000000000000000e+00 0.000000000000000e+00
subject fsaverage
fscale 0.100000
