# transform file transforms/talairach.lta
# created by robertdh on Thu Aug 10 23:42:45 2023

type      = 0 # LINEAR_VOX_TO_VOX
nxforms   = 1
mean      = 128.0000 135.0000 126.0000
sigma     = 10000.0000
1 4 4
1.075258970260620e+00 9.557098150253296e-02 -3.978643938899040e-02 -1.888755989074707e+01 
-1.153698340058327e-01 1.204344868659973e+00 1.200519800186157e-01 -3.493272781372070e+01 
4.198468476533890e-02 -7.127747684717178e-02 1.037690877914429e+00 -1.449880409240723e+01 
0.000000000000000e+00 0.000000000000000e+00 0.000000000000000e+00 1.000000000000000e+00 
src volume info
valid = 1  # volume info valid
filename = nu.mgz
volume = 256 256 256
voxelsize = 1.000000000000000e+00 1.000000000000000e+00 1.000000000000000e+00
xras   = -9.999998807907104e-01 2.561137080192566e-09 0.000000000000000e+00
yras   = 0.000000000000000e+00 3.725290298461914e-09 -9.999998807907104e-01
zras   = 9.313225746154785e-10 9.999998807907104e-01 1.862645149230957e-09
cras   = -6.975158691406250e+00 3.285995483398438e+00 2.647079467773438e+00
dst volume info
valid = 1  # volume info valid
filename = /opt/freesurfer/average/RB_all_2020-01-02.gca
volume = 256 256 256
voxelsize = 1.000000000000000e+00 1.000000000000000e+00 1.000000000000000e+00
xras   = -1.000000000000000e+00 0.000000000000000e+00 0.000000000000000e+00
yras   = 0.000000000000000e+00 0.000000000000000e+00 -1.000000000000000e+00
zras   = 0.000000000000000e+00 1.000000000000000e+00 0.000000000000000e+00
cras   = 0.000000000000000e+00 0.000000000000000e+00 0.000000000000000e+00
