type      = 1 # LINEAR_RAS_TO_RAS
nxforms   = 1
mean      = 0.0000 0.0000 0.0000
sigma     = 1.0000
1 4 4
1.100643038749695e+00 1.805100031197071e-02 1.128059998154640e-01 7.886826038360596e+00 
-2.636799961328506e-02 1.079164028167725e+00 1.688179969787598e-01 -1.774453735351562e+01 
-1.148149967193604e-01 -1.499979943037033e-01 1.130936026573181e+00 5.615447998046875e+00 
0.000000000000000e+00 0.000000000000000e+00 0.000000000000000e+00 1.000000000000000e+00 
src volume info
valid = 1  # volume info valid
filename = /project/data/bids/derivatives/sourcedata/freesurfer/sub-p012/mri/orig_nu.mgz
volume = 256 256 256
voxelsize = 1.000000000000000e+00 1.000000000000000e+00 1.000000000000000e+00
xras   = -9.999998807907104e-01 2.561137080192566e-09 0.000000000000000e+00
yras   = 0.000000000000000e+00 3.725290298461914e-09 -9.999998807907104e-01
zras   = 9.313225746154785e-10 9.999998807907104e-01 1.862645149230957e-09
cras   = -6.975158691406250e+00 3.285995483398438e+00 2.647079467773438e+00
dst volume info
valid = 1  # volume info valid
filename = /opt/freesurfer/average/mni305.cor.mgz
volume = 256 256 256
voxelsize = 1.000000000000000e+00 1.000000000000000e+00 1.000000000000000e+00
xras   = -1.000000000000000e+00 0.000000000000000e+00 0.000000000000000e+00
yras   = 0.000000000000000e+00 0.000000000000000e+00 -1.000000000000000e+00
zras   = 0.000000000000000e+00 1.000000000000000e+00 0.000000000000000e+00
cras   = 0.000000000000000e+00 0.000000000000000e+00 0.000000000000000e+00
subject fsaverage
fscale 0.100000
