# transform file /project/data/bids/derivatives/sourcedata/freesurfer/sub-p013/mri/transforms/cc_up.lta
# created by robertdh on Sun Aug 20 11:20:43 2023

type      = 0 # LINEAR_VOX_TO_VOX
nxforms   = 1
mean      = 129.0000 136.0000 126.0000
sigma     = 10000.0000
1 4 4
9.986917972564697e-01 -1.665993477217853e-03 -5.110738798975945e-02 5.909892082214355e+00 
1.663816277869046e-03 9.999986886978149e-01 -8.514468936482444e-05 8.796433448791504e+00 
5.110745877027512e-02 0.000000000000000e+00 9.986932277679443e-01 4.588868141174316e+00 
0.000000000000000e+00 0.000000000000000e+00 0.000000000000000e+00 1.000000000000000e+00 
src volume info
valid = 1  # volume info valid
filename = /project/data/bids/derivatives/sourcedata/freesurfer/sub-p013/mri/norm.mgz
volume = 256 256 256
voxelsize = 1.000000000000000e+00 1.000000000000000e+00 1.000000000000000e+00
xras   = -9.999999403953552e-01 -3.055902197957039e-10 0.000000000000000e+00
yras   = 0.000000000000000e+00 0.000000000000000e+00 -1.000000000000000e+00
zras   = -3.419700078666210e-09 1.000000000000000e+00 0.000000000000000e+00
cras   = -5.501556396484375e-02 1.108253479003906e+01 1.831764221191406e+00
dst volume info
valid = 1  # volume info valid
filename = /project/data/bids/derivatives/sourcedata/freesurfer/sub-p013/mri/norm.mgz
volume = 256 256 256
voxelsize = 1.000000000000000e+00 1.000000000000000e+00 1.000000000000000e+00
xras   = -9.999999403953552e-01 -3.055902197957039e-10 0.000000000000000e+00
yras   = 0.000000000000000e+00 0.000000000000000e+00 -1.000000000000000e+00
zras   = -3.419700078666210e-09 1.000000000000000e+00 0.000000000000000e+00
cras   = -5.501556396484375e-02 1.108253479003906e+01 1.831764221191406e+00
