# transform file transforms/talairach.lta
# created by robertdh on Sat Aug 12 14:20:20 2023

type      = 0 # LINEAR_VOX_TO_VOX
nxforms   = 1
mean      = 128.0000 136.0000 125.0000
sigma     = 10000.0000
1 4 4
1.079174160957336e+00 -5.983747541904449e-02 -4.145890101790428e-02 1.513624191284180e-02 
5.456241965293884e-02 1.177203536033630e+00 1.036994233727455e-01 -5.413842773437500e+01 
3.556938096880913e-02 -4.217880591750145e-02 1.101580500602722e+00 -2.618799400329590e+01 
0.000000000000000e+00 0.000000000000000e+00 0.000000000000000e+00 1.000000000000000e+00 
src volume info
valid = 1  # volume info valid
filename = nu.mgz
volume = 256 256 256
voxelsize = 1.000000000000000e+00 1.000000000000000e+00 1.000000000000000e+00
xras   = -9.999999403953552e-01 -3.055902197957039e-10 0.000000000000000e+00
yras   = 0.000000000000000e+00 0.000000000000000e+00 -1.000000000000000e+00
zras   = -3.419700078666210e-09 1.000000000000000e+00 0.000000000000000e+00
cras   = -5.501556396484375e-02 1.108253479003906e+01 1.831764221191406e+00
dst volume info
valid = 1  # volume info valid
filename = /opt/freesurfer/average/RB_all_2020-01-02.gca
volume = 256 256 256
voxelsize = 1.000000000000000e+00 1.000000000000000e+00 1.000000000000000e+00
xras   = -1.000000000000000e+00 0.000000000000000e+00 0.000000000000000e+00
yras   = 0.000000000000000e+00 0.000000000000000e+00 -1.000000000000000e+00
zras   = 0.000000000000000e+00 1.000000000000000e+00 0.000000000000000e+00
cras   = 0.000000000000000e+00 0.000000000000000e+00 0.000000000000000e+00
