# transform file /project/data/bids/derivatives/sourcedata/freesurfer/sub-s009/mri/transforms/cc_up.lta
# created by robertdh on Mon Aug 14 07:58:41 2023

type      = 0 # LINEAR_VOX_TO_VOX
nxforms   = 1
mean      = 128.0000 134.0000 127.0000
sigma     = 10000.0000
1 4 4
9.997014403343201e-01 -7.341098971664906e-03 -2.331019006669521e-02 5.471054553985596e+00 
7.339104078710079e-03 9.999731183052063e-01 -1.711270015221089e-04 1.309006977081299e+01 
2.331081777811050e-02 0.000000000000000e+00 9.997283816337585e-01 5.067448139190674e+00 
0.000000000000000e+00 0.000000000000000e+00 0.000000000000000e+00 1.000000000000000e+00 
src volume info
valid = 1  # volume info valid
filename = /project/data/bids/derivatives/sourcedata/freesurfer/sub-s009/mri/norm.mgz
volume = 256 256 256
voxelsize = 1.000000000000000e+00 1.000000000000000e+00 1.000000000000000e+00
xras   = -1.000000000000000e+00 6.984919309616089e-10 9.313225746154785e-10
yras   = 0.000000000000000e+00 0.000000000000000e+00 -1.000000119209290e+00
zras   = -9.313225746154785e-10 1.000000119209290e+00 -7.450580596923828e-09
cras   = -1.048004150390625e+00 -2.781802368164062e+01 -9.259735107421875e+00
dst volume info
valid = 1  # volume info valid
filename = /project/data/bids/derivatives/sourcedata/freesurfer/sub-s009/mri/norm.mgz
volume = 256 256 256
voxelsize = 1.000000000000000e+00 1.000000000000000e+00 1.000000000000000e+00
xras   = -1.000000000000000e+00 6.984919309616089e-10 9.313225746154785e-10
yras   = 0.000000000000000e+00 0.000000000000000e+00 -1.000000119209290e+00
zras   = -9.313225746154785e-10 1.000000119209290e+00 -7.450580596923828e-09
cras   = -1.048004150390625e+00 -2.781802368164062e+01 -9.259735107421875e+00
