# transform file transforms/talairach.lta
# created by robertdh on Mon Aug 14 06:37:10 2023

type      = 0 # LINEAR_VOX_TO_VOX
nxforms   = 1
mean      = 128.0000 135.0000 127.0000
sigma     = 10000.0000
1 4 4
1.087654948234558e+00 -2.518049813807011e-02 -4.334744438529015e-02 -3.360707998275757e+00 
3.622518479824066e-02 1.158703088760376e+00 3.542475104331970e-01 -7.756393432617188e+01 
3.784506022930145e-02 -3.209541738033295e-01 1.006744623184204e+00 2.016178321838379e+01 
0.000000000000000e+00 0.000000000000000e+00 0.000000000000000e+00 1.000000000000000e+00 
src volume info
valid = 1  # volume info valid
filename = nu.mgz
volume = 256 256 256
voxelsize = 1.000000000000000e+00 1.000000000000000e+00 1.000000000000000e+00
xras   = -1.000000000000000e+00 6.984919309616089e-10 9.313225746154785e-10
yras   = 0.000000000000000e+00 0.000000000000000e+00 -1.000000119209290e+00
zras   = -9.313225746154785e-10 1.000000119209290e+00 -7.450580596923828e-09
cras   = -1.048004150390625e+00 -2.781802368164062e+01 -9.259735107421875e+00
dst volume info
valid = 1  # volume info valid
filename = /opt/freesurfer/average/RB_all_2020-01-02.gca
volume = 256 256 256
voxelsize = 1.000000000000000e+00 1.000000000000000e+00 1.000000000000000e+00
xras   = -1.000000000000000e+00 0.000000000000000e+00 0.000000000000000e+00
yras   = 0.000000000000000e+00 0.000000000000000e+00 -1.000000000000000e+00
zras   = 0.000000000000000e+00 1.000000000000000e+00 0.000000000000000e+00
cras   = 0.000000000000000e+00 0.000000000000000e+00 0.000000000000000e+00
