# transform file /project/data/bids/derivatives/sourcedata/freesurfer/sub-s008/mri/transforms/cc_up.lta
# created by robertdh on Mon Aug 14 07:58:05 2023

type      = 0 # LINEAR_VOX_TO_VOX
nxforms   = 1
mean      = 129.0000 135.0000 127.0000
sigma     = 10000.0000
1 4 4
9.995384216308594e-01 -1.903901621699333e-02 -2.367568388581276e-02 4.700154304504395e+00 
1.903367601335049e-02 9.998188018798828e-01 -4.508433921728283e-04 1.063121700286865e+01 
2.367997542023659e-02 0.000000000000000e+00 9.997196197509766e-01 -3.008855581283569e+00 
0.000000000000000e+00 0.000000000000000e+00 0.000000000000000e+00 1.000000000000000e+00 
src volume info
valid = 1  # volume info valid
filename = /project/data/bids/derivatives/sourcedata/freesurfer/sub-s008/mri/norm.mgz
volume = 256 256 256
voxelsize = 1.000000000000000e+00 1.000000000000000e+00 1.000000000000000e+00
xras   = -9.999999403953552e-01 -1.222360879182816e-09 4.656612873077393e-10
yras   = 0.000000000000000e+00 1.490116119384766e-08 -1.000000000000000e+00
zras   = 1.222360879182816e-09 1.000000000000000e+00 -1.490116119384766e-08
cras   = -1.903533935546875e-02 4.857452392578125e+00 1.658968353271484e+01
dst volume info
valid = 1  # volume info valid
filename = /project/data/bids/derivatives/sourcedata/freesurfer/sub-s008/mri/norm.mgz
volume = 256 256 256
voxelsize = 1.000000000000000e+00 1.000000000000000e+00 1.000000000000000e+00
xras   = -9.999999403953552e-01 -1.222360879182816e-09 4.656612873077393e-10
yras   = 0.000000000000000e+00 1.490116119384766e-08 -1.000000000000000e+00
zras   = 1.222360879182816e-09 1.000000000000000e+00 -1.490116119384766e-08
cras   = -1.903533935546875e-02 4.857452392578125e+00 1.658968353271484e+01
