type      = 1 # LINEAR_RAS_TO_RAS
nxforms   = 1
mean      = 0.0000 0.0000 0.0000
sigma     = 1.0000
1 4 4
1.176368951797485e+00 3.007899969816208e-02 3.209999995306134e-03 7.582859992980957e-01 
-9.166000410914421e-03 1.138306975364685e+00 5.181400105357170e-02 -2.182252502441406e+01 
1.046399958431721e-02 -7.656200230121613e-02 1.370095014572144e+00 -1.211943054199219e+01 
0.000000000000000e+00 0.000000000000000e+00 0.000000000000000e+00 1.000000000000000e+00 
src volume info
valid = 1  # volume info valid
filename = /project/data/bids/derivatives/sourcedata/freesurfer/sub-s008/mri/orig_nu.mgz
volume = 256 256 256
voxelsize = 1.000000000000000e+00 1.000000000000000e+00 1.000000000000000e+00
xras   = -9.999999403953552e-01 -1.222360879182816e-09 4.656612873077393e-10
yras   = 0.000000000000000e+00 1.490116119384766e-08 -1.000000000000000e+00
zras   = 1.222360879182816e-09 1.000000000000000e+00 -1.490116119384766e-08
cras   = -1.903533935546875e-02 4.857452392578125e+00 1.658968353271484e+01
dst volume info
valid = 1  # volume info valid
filename = /opt/freesurfer/average/mni305.cor.mgz
volume = 256 256 256
voxelsize = 1.000000000000000e+00 1.000000000000000e+00 1.000000000000000e+00
xras   = -1.000000000000000e+00 0.000000000000000e+00 0.000000000000000e+00
yras   = 0.000000000000000e+00 0.000000000000000e+00 -1.000000000000000e+00
zras   = 0.000000000000000e+00 1.000000000000000e+00 0.000000000000000e+00
cras   = 0.000000000000000e+00 0.000000000000000e+00 0.000000000000000e+00
subject fsaverage
fscale 0.100000
