type      = 0 # LINEAR_VOX_TO_VOX
nxforms   = 1
mean      = 0.0000 0.0000 0.0000
sigma     = 1.0000
1 4 4
1.176368832588196e+00 3.209999529644847e-03 -3.007900156080723e-02 -2.007122802734375e+01 
1.046399772167206e-02 1.370095014572144e+00 7.656202465295792e-02 -6.874940490722656e+01 
9.165998548269272e-03 -5.181398242712021e-02 1.138306975364685e+00 -2.767785644531250e+01 
0.000000000000000e+00 0.000000000000000e+00 0.000000000000000e+00 1.000000000000000e+00 
src volume info
valid = 1  # volume info valid
filename = /project/data/bids/derivatives/sourcedata/freesurfer/sub-s008/mri/orig.mgz
volume = 256 256 256
voxelsize = 1.000000000000000e+00 1.000000000000000e+00 1.000000000000000e+00
xras   = -9.999999403953552e-01 -1.222360879182816e-09 4.656612873077393e-10
yras   = 0.000000000000000e+00 1.490116119384766e-08 -1.000000000000000e+00
zras   = 1.222360879182816e-09 1.000000000000000e+00 -1.490116119384766e-08
cras   = -1.903533935546875e-02 4.857452392578125e+00 1.658968353271484e+01
dst volume info
valid = 1  # volume info valid
filename = /opt/freesurfer/average/mni305.cor.mgz
volume = 256 256 256
voxelsize = 1.000000000000000e+00 1.000000000000000e+00 1.000000000000000e+00
xras   = -1.000000000000000e+00 0.000000000000000e+00 0.000000000000000e+00
yras   = 0.000000000000000e+00 0.000000000000000e+00 -1.000000000000000e+00
zras   = 0.000000000000000e+00 1.000000000000000e+00 0.000000000000000e+00
cras   = 0.000000000000000e+00 0.000000000000000e+00 0.000000000000000e+00
subject fsaverage
fscale 0.100000
