# transform file transforms/talairach.lta
# created by robertdh on Mon Aug 14 06:39:35 2023

type      = 0 # LINEAR_VOX_TO_VOX
nxforms   = 1
mean      = 129.0000 135.0000 127.0000
sigma     = 10000.0000
1 4 4
1.086335897445679e+00 9.154367260634899e-03 -8.326672948896885e-03 -1.398581886291504e+01 
-1.020632591098547e-02 1.326153635978699e+00 -3.941965475678444e-02 -4.721832275390625e+01 
8.909651078283787e-03 1.565672270953655e-02 9.863497018814087e-01 -1.766772270202637e+01 
0.000000000000000e+00 0.000000000000000e+00 0.000000000000000e+00 1.000000000000000e+00 
src volume info
valid = 1  # volume info valid
filename = nu.mgz
volume = 256 256 256
voxelsize = 1.000000000000000e+00 1.000000000000000e+00 1.000000000000000e+00
xras   = -9.999999403953552e-01 -1.222360879182816e-09 4.656612873077393e-10
yras   = 0.000000000000000e+00 1.490116119384766e-08 -1.000000000000000e+00
zras   = 1.222360879182816e-09 1.000000000000000e+00 -1.490116119384766e-08
cras   = -1.903533935546875e-02 4.857452392578125e+00 1.658968353271484e+01
dst volume info
valid = 1  # volume info valid
filename = /opt/freesurfer/average/RB_all_2020-01-02.gca
volume = 256 256 256
voxelsize = 1.000000000000000e+00 1.000000000000000e+00 1.000000000000000e+00
xras   = -1.000000000000000e+00 0.000000000000000e+00 0.000000000000000e+00
yras   = 0.000000000000000e+00 0.000000000000000e+00 -1.000000000000000e+00
zras   = 0.000000000000000e+00 1.000000000000000e+00 0.000000000000000e+00
cras   = 0.000000000000000e+00 0.000000000000000e+00 0.000000000000000e+00
